Name:                   	S10_240T
Problem:                	3L-CVRP
Number_of_used_Vehicles:	8
Total_Travel_Distance:  	33054794
Calculation_Time:       	-1
Total_Iterations:       	-1
ConstraintSet:          	UNKNOWN

-------------------------------------------------------------------------------------------------------------------
Tour_Id:                	1
No_of_Customers:        	3
No_of_Items:            	17
Customer_Sequence:      	26 9 12

CustId	Id	TypeId	Rotated	x	y	z	Length	Width	Height	mass	Fragility	LoadBearingStrength
12	30	31		0		570	120	0	5840	2210	610	3682	0	-1
12	124	125	0	570	385	610	2870	1680	340	905	0	-1
12	125	126	0	570	385	950	2870	1680	340	906	0	-1
12	126	127	0	570	385	1290	2870	1680	340	906	0	-1
12	127	128	0	570	385	1630	2870	1680	340	900	0	-1
12	130	131	0	3440	300	610	3230	1850	519	1676	0	-1
12	131	132	0	3440	300	1129	3230	1850	519	1676	0	-1
12	128	129	0	6410	70	0	3130	2293	533	1862	0	-1
12	129	130	0	6670	70	533	3130	2293	475	1550	0	-1
9	52	53	0	3440	507	1648	2380	1435	509	875	0	-1
9	53	54	1	9540	70	0	2380	1435	509	875	0	-1
9	54	55	1	10975	70	0	2380	1435	509	846	0	-1
9	55	56	1	9800	70	509	2380	1360	509	833	0	-1
9	56	57	1	11160	70	509	2380	1360	509	833	0	-1
9	57	58	1	12520	70	0	2180	980	985	1004	0	-1
26	43	44	0	6670	4	1018	5940	2342	300	2693	0	-1
26	146	147	0	6670	0	1318	3078	2350	540	1812	0	-1


-------------------------------------------------------------------------------------------------------------------
Tour_Id:                	2
No_of_Customers:        	3
No_of_Items:            	14
Customer_Sequence:      	23 22 10

CustId	Id	TypeId	Rotated	x	y	z	Length	Width	Height	mass	Fragility	LoadBearingStrength
10	47	48	0	1480	335	0	3320	1780	640	1898	0	-1
10	48	49	0	4800	335	0	3320	1780	640	1897	0	-1
10	49	50	0	1480	335	640	3320	1780	640	1968	0	-1
10	50	51	0	1480	335	1280	3320	1780	640	1968	0	-1
10	51	52	0	1480	335	1920	3320	1780	640	1915	0	-1
10	44	45	0	4800	335	640	3320	1780	330	1047	0	-1
10	45	46	0	4800	335	970	3320	1780	610	1854	0	-1
10	46	47	0	4800	335	1580	3320	1780	610	1854	0	-1
10	147	148	0	4800	511	2190	3270	1428	190	466	0	-1
22	98	99	0	2570	720	2560	2230	1010	40	68	0	-1
22	99	100	0	4800	670	2380	2100	1110	270	334	0	-1
23	135	136	0	8120	80	0	5380	2290	509	3099	0	-1
23	136	137	0	8120	80	509	5380	2290	509	3099	0	-1
23	37	38	0	8120	518	1018	2380	1414	934	1250	0	-1


-------------------------------------------------------------------------------------------------------------------
Tour_Id:                	3
No_of_Customers:        	1
No_of_Items:            	10
Customer_Sequence:      	5

-------------------------------------------------------------------------------------------------------------------
Tour_Id:                	4
No_of_Customers:        	2
No_of_Items:            	9
Customer_Sequence:      	14 25

CustId	Id	TypeId	Rotated	x	y	z	Length	Width	Height	mass	Fragility	LoadBearingStrength
14	119	120	0	4787	105	640	5745	2240	480	3344	0	-1
14	120	121	0	4787	105	1120	5745	2240	480	3318	0	-1
14	27	28	0	4787	13	0	6130	2425	320	3100	0	-1
14	28	29	0	4787	13	320	6130	2425	320	3100	0	-1
14	121	122	0	4787	105	1600	5745	2240	480	3318	0	-1
14	122	123	0	4787	105	2080	5745	2240	530	3624	0	-1
25	65	66	0	725	590	0	2031	1270	1180	1423	0	-1
25	66	67	0	2756	590	0	2031	1270	1180	1423	0	-1
25	64	65	0	3017	575	1180	1770	1300	1140	1171	0	-1


-------------------------------------------------------------------------------------------------------------------
Tour_Id:                	5
No_of_Customers:        	1
No_of_Items:            	19
Customer_Sequence:      	4

-------------------------------------------------------------------------------------------------------------------
Tour_Id:                	6
No_of_Customers:        	2
No_of_Items:            	20
Customer_Sequence:      	13 19

CustId	Id	TypeId	Rotated	x	y	z	Length	Width	Height	mass	Fragility	LoadBearingStrength
13	38	39	0	8059	105	430	3010	2240	190	632	0	-1
13	39	40	0	8059	105	620	3010	2240	190	632	0	-1
13	40	41	0	8059	155	1235	2640	2140	190	522	0	-1
13	41	42	0	8059	155	1425	2640	2140	190	522	0	-1
13	42	43	0	8059	93	810	3190	2264	425	1439	0	-1
19	134	135	0	5409	20	0	5980	2410	430	3684	0	-1
19	34	35	0	5409	480	430	2650	1490	1140	2241	0	-1
19	32	33	0	2759	480	0	2650	1490	934	1841	0	-1
19	33	34	0	2759	480	934	2650	1490	934	1828	0	-1
19	35	36	0	209	540	0	2550	1370	1140	1896	0	-1
19	36	37	0	209	540	1140	2550	1370	1140	1896	0	-1
13	144	145	0	5409	625	1570	1975	1200	882	759	0	-1
13	137	138	0	2759	625	1868	1975	1200	710	618	0	-1
13	138	139	0	11389	29	0	1975	1200	710	618	0	-1
13	139	140	0	11389	29	710	1975	1200	710	632	0	-1
13	140	141	0	11389	29	1420	1975	1200	710	614	0	-1
13	141	142	0	11389	1229	0	1975	1200	710	613	0	-1
13	142	143	0	11389	1229	710	1975	1200	710	613	0	-1
13	143	144	0	11389	1229	1420	1975	1200	710	615	0	-1
13	145	146	0	8059	625	1615	1975	1200	882	759	0	-1


-------------------------------------------------------------------------------------------------------------------
Tour_Id:                	7
No_of_Customers:        	2
No_of_Items:            	9
Customer_Sequence:      	17 21

CustId	Id	TypeId	Rotated	x	y	z	Length	Width	Height	mass	Fragility	LoadBearingStrength
17	61	62	0	5248	553	1170	2670	1345	1180	2058	0	-1
17	59	60	0	7918	553	660	2670	1345	1140	2051	0	-1
17	60	61	0	10588	553	430	2670	1345	1140	2051	0	-1
21	67	68	0	1148	365	430	4720	1720	230	1032	0	-1
21	68	69	0	5868	365	430	4720	1720	230	1032	0	-1
21	72	73	0	2558	590	1170	2690	1270	940	1439	0	-1
21	69	70	0	1148	20	0	5980	2410	430	3873	0	-1
21	70	71	0	7128	20	0	5980	2410	430	3873	0	-1
21	71	72	0	1708	215	660	6210	2020	510	3904	0	-1


-------------------------------------------------------------------------------------------------------------------
Tour_Id:                	8
No_of_Customers:        	2
No_of_Items:            	21
Customer_Sequence:      	11 8

CustId	Id	TypeId	Rotated	x	y	z	Length	Width	Height	mass	Fragility	LoadBearingStrength
11	100	101	0	1364	590	1460	2031	1270	1180	1470	0	-1
11	101	102	0	3395	588	1340	2031	1270	1180	1445	0	-1
11	102	103	0	5426	588	1340	2031	1270	1180	1445	0	-1
11	103	104	0	9134	588	730	2031	1270	1180	1445	0	-1
11	104	105	0	11469	590	0	2031	1270	1170	1443	0	-1
11	105	106	0	11469	590	1170	2031	1270	1170	1443	0	-1
8	76	77	1	389	215	0	2020	980	730	821	0	-1
8	77	78	0	1369	245	0	2020	980	730	808	0	-1
8	78	79	0	3389	248	0	2020	980	730	808	0	-1
8	82	83	0	5409	248	0	2020	980	730	804	0	-1
8	83	84	0	7429	248	0	2020	980	730	804	0	-1
8	74	75	0	1369	1225	0	2020	970	730	821	0	-1
8	75	76	0	3389	1228	0	2020	970	730	828	0	-1
8	79	80	0	5409	1228	0	2020	970	730	802	0	-1
8	80	81	0	7429	1228	0	2020	970	730	802	0	-1
8	81	82	0	9449	1228	0	2020	970	730	793	0	-1
8	73	74	1	399	215	730	2020	970	295	324	0	-1
8	84	85	0	9449	248	0	2020	980	730	774	0	-1
8	85	86	0	1369	245	730	2020	980	730	797	0	-1
8	86	87	0	1369	1225	730	2020	980	730	797	0	-1
11	0	1	0	3389	103	730	5745	2240	610	3239	0	-1


