Name:                   	S20_288T
Problem:                	3L-CVRP
Number_of_used_Vehicles:	11
Total_Travel_Distance:  	43276498
Calculation_Time:       	-1
Total_Iterations:       	-1
ConstraintSet:          	UNKNOWN

-------------------------------------------------------------------------------------------------------------------
Tour_Id:                	1
No_of_Customers:        	2
No_of_Items:            	9
Customer_Sequence:      	11 2

CustId	Id	TypeId	Rotated	x	y	z	Length	Width	Height	mass	Fragility	LoadBearingStrength
2	109	110	0	0	625	0	1980	1200	1070	1196	0	-1
2	110	111	0	1980	625	0	1980	1200	1070	1230	0	-1
2	111	112	0	3960	625	0	1980	1200	1070	1181	0	-1
2	112	113	0	3805	625	1070	1980	1200	934	1040	0	-1
2	6	7	0	5940	135	0	5770	2180	540	4811	0	-1
2	7	8	0	5940	135	540	5770	2180	540	4811	0	-1
2	8	9	0	5940	80	1080	5380	2290	530	4799	0	-1
11	79	80	0	5785	210	1610	5690	2030	610	2679	0	-1
11	78	79	0	5785	215	2220	4530	2020	480	1727	0	-1


-------------------------------------------------------------------------------------------------------------------
Tour_Id:                	2
No_of_Customers:        	3
No_of_Items:            	19
Customer_Sequence:      	19 12 13

CustId	Id	TypeId	Rotated	x	y	z	Length	Width	Height	mass	Fragility	LoadBearingStrength
13	98	99	0	47	480	0	2030	1490	1140	1271	0	-1
13	99	100	0	47	480	1140	2030	1490	1140	1271	0	-1
13	100	101	0	2077	26	0	2030	1490	1140	1271	0	-1
13	101	102	0	2077	26	1140	2030	1490	1140	1271	0	-1
13	102	103	1	4107	210	0	2030	1490	1140	1237	0	-1
13	103	104	1	4107	210	1140	2030	1490	1140	1262	0	-1
13	104	105	1	5597	210	0	2030	1490	1140	1295	0	-1
13	105	106	1	5597	210	1140	2030	1490	1140	1258	0	-1
13	97	98	3	2077	1516	0	2030	1490	934	1034	0	-1
12	80	81	0	7087	1225	0	1980	1200	985	1137	0	-1
12	81	82	0	7087	25	0	1980	1200	985	1137	0	-1
12	82	83	0	9067	24	0	1980	1200	985	1146	0	-1
12	83	84	0	11047	24	0	1980	1200	985	1148	0	-1
12	84	85	0	9067	1224	0	1980	1200	985	1155	0	-1
12	85	86	0	11047	1224	0	1980	1200	985	1155	0	-1
12	86	87	0	7087	625	985	1980	1200	985	1116	0	-1
19	47	48	0	9067	179	985	2140	2090	740	1513	0	-1
19	48	49	0	11207	179	985	2140	2090	740	1513	0	-1
19	49	50	0	9067	574	1725	2430	1300	970	1469	0	-1


-------------------------------------------------------------------------------------------------------------------
Tour_Id:                	3
No_of_Customers:        	1
No_of_Items:            	9
Customer_Sequence:      	23

-------------------------------------------------------------------------------------------------------------------
Tour_Id:                	4
No_of_Customers:        	2
No_of_Items:            	9
Customer_Sequence:      	9 14

CustId	Id	TypeId	Rotated	x	y	z	Length	Width	Height	mass	Fragility	LoadBearingStrength
14	20	21	0	273	680	0	2150	1090	840	1008	0	-1
14	21	22	0	273	680	840	2150	1090	840	1008	0	-1
14	19	20	0	2423	214	0	3270	1960	519	2136	0	-1
14	22	23	0	2423	214	519	2150	1090	940	1172	0	-1
14	23	24	0	3243	1304	519	2450	830	1140	1237	0	-1
9	91	92	0	5693	105	0	5745	2240	480	3732	0	-1
9	92	93	0	5693	105	480	5745	2240	480	3732	0	-1
9	93	94	0	5693	105	960	5745	2240	530	3992	0	-1
9	94	95	0	5693	105	1490	5745	2240	530	3992	0	-1


-------------------------------------------------------------------------------------------------------------------
Tour_Id:                	5
No_of_Customers:        	2
No_of_Items:            	12
Customer_Sequence:      	15 20

CustId	Id	TypeId	Rotated	x	y	z	Length	Width	Height	mass	Fragility	LoadBearingStrength
15	170	171	0	1776	361	1490	3600	600	1170	1048	0	-1
15	171	172	0	1776	961	1490	3600	600	1170	1089	0	-1
15	172	173	0	1776	1561	1490	3600	600	990	870	0	-1
15	50	51	0	5376	590	1490	2031	1270	1050	1309	0	-1
15	51	52	0	7407	590	960	2031	1270	1050	1383	0	-1
15	52	53	0	9438	590	960	2031	1270	1050	1335	0	-1
15	53	54	0	11469	590	960	2031	1270	1050	1335	0	-1
20	43	44	0	1776	105	0	5745	2240	480	2684	0	-1
20	44	45	0	1776	105	480	5745	2240	480	2704	0	-1
20	45	46	0	7521	105	0	5745	2240	480	2654	0	-1
20	46	47	0	7521	105	480	5745	2240	480	2654	0	-1
20	160	161	0	1776	80	960	5380	2290	530	4521	0	-1


-------------------------------------------------------------------------------------------------------------------
Tour_Id:                	6
No_of_Customers:        	3
No_of_Items:            	15
Customer_Sequence:      	25 21 18

CustId	Id	TypeId	Rotated	x	y	z	Length	Width	Height	mass	Fragility	LoadBearingStrength
18	26	27	0	267	365	0	2031	1270	1180	1572	0	-1
18	27	28	0	776	365	1180	2031	1270	1180	1572	0	-1
18	28	29	0	2807	745	1170	2031	1270	1180	1534	0	-1
18	29	30	1	2298	365	0	2031	1270	1170	1518	0	-1
18	30	31	1	3568	365	0	2031	1270	1170	1468	0	-1
18	24	25	0	4838	590	600	2031	1270	740	1008	0	-1
18	25	26	0	6869	590	600	2031	1270	740	1008	0	-1
21	70	71	0	8900	480	1534	2030	1490	1045	1584	0	-1
21	72	73	0	4940	645	1340	1980	1160	1180	1343	0	-1
21	73	74	0	6920	645	1340	1980	1160	1180	1366	0	-1
21	71	72	0	8900	480	600	2030	1490	934	1420	0	-1
18	130	131	0	4838	380	0	4180	1690	600	2689	0	-1
18	131	132	0	9018	380	0	4180	1690	600	2637	0	-1
25	65	66	0	10930	515	600	2570	1420	934	1389	0	-1
25	66	67	0	10930	515	1534	2570	1420	934	1389	0	-1


-------------------------------------------------------------------------------------------------------------------
Tour_Id:                	7
No_of_Customers:        	2
No_of_Items:            	20
Customer_Sequence:      	6 16

CustId	Id	TypeId	Rotated	x	y	z	Length	Width	Height	mass	Fragility	LoadBearingStrength
16	9	10	0	1233	25	0	1980	1200	934	1049	0	-1
16	10	11	0	3213	25	0	1980	1200	934	1036	0	-1
16	11	12	0	1233	1225	0	1980	1200	934	1061	0	-1
16	12	13	0	3213	1225	0	1980	1200	934	1061	0	-1
16	13	14	0	5193	25	0	1980	1200	934	1020	0	-1
16	14	15	0	7173	25	0	1980	1200	934	1020	0	-1
16	15	16	0	9153	25	0	1980	1200	934	1051	0	-1
16	16	17	0	5193	1225	0	1980	1200	934	1008	0	-1
16	113	114	0	2893	219	934	2060	1015	934	885	0	-1
16	114	115	0	4953	184	934	2060	1015	934	878	0	-1
16	115	116	0	7013	184	934	2060	1015	934	913	0	-1
16	116	117	0	9073	184	934	2060	1015	934	913	0	-1
16	117	118	0	2893	1234	934	2060	1015	934	855	0	-1
16	118	119	0	4953	1199	934	2060	1015	934	886	0	-1
16	119	120	0	7013	1199	934	2060	1015	934	919	0	-1
16	120	121	0	9073	1199	934	2060	1015	934	919	0	-1
16	17	18	0	7173	1225	0	1980	1200	934	1008	0	-1
16	18	19	0	9153	1225	0	1980	1200	934	1048	0	-1
6	32	33	0	5193	76	1868	5940	2342	340	2959	0	-1
6	33	34	0	5193	76	2208	5940	2342	340	2959	0	-1


-------------------------------------------------------------------------------------------------------------------
Tour_Id:                	8
No_of_Customers:        	2
No_of_Items:            	11
Customer_Sequence:      	5 10

CustId	Id	TypeId	Rotated	x	y	z	Length	Width	Height	mass	Fragility	LoadBearingStrength
10	153	154	0	3096	332	1390	3210	1450	519	1077	0	-1
10	154	155	0	3096	332	1909	3210	1450	519	1059	0	-1
10	151	152	0	758	327	960	2865	1460	430	791	0	-1
10	152	153	0	3623	327	960	2865	1460	430	791	0	-1
10	36	37	0	743	117	0	5745	2240	480	3450	0	-1
10	37	38	0	6488	117	0	5745	2240	480	3450	0	-1
10	38	39	0	743	117	480	5745	2240	480	3163	0	-1
10	39	40	0	6488	117	480	5745	2240	480	3163	0	-1
10	40	41	0	6488	117	960	5745	2240	480	2969	0	-1
5	95	96	0	6306	327	1440	6110	2030	280	1833	0	-1
5	96	97	0	6306	327	1720	6110	2030	280	1833	0	-1


-------------------------------------------------------------------------------------------------------------------
Tour_Id:                	9
No_of_Customers:        	2
No_of_Items:            	15
Customer_Sequence:      	6 7

CustId	Id	TypeId	Rotated	x	y	z	Length	Width	Height	mass	Fragility	LoadBearingStrength
7	132	133	0	302	550	0	2260	1350	840	1596	0	-1
7	133	134	0	2562	550	0	2260	1350	840	1586	0	-1
7	134	135	0	2562	550	840	2260	1350	1045	1964	0	-1
7	135	136	1	4822	95	0	2260	1350	1045	1964	0	-1
7	136	137	1	6172	95	0	2260	1350	1045	1964	0	-1
7	137	138	1	7522	95	0	2260	1350	1045	1952	0	-1
7	138	139	1	8872	95	0	2260	1350	1045	1964	0	-1
6	139	140	0	4822	351	1575	5480	1750	135	743	0	-1
6	140	141	0	4822	351	1710	5480	1750	135	743	0	-1
6	144	145	0	4822	364	1845	3248	1723	530	1648	0	-1
6	143	144	0	10222	95	220	3140	2260	270	1158	0	-1
6	142	143	0	10222	95	0	3140	2260	220	887	0	-1
6	141	142	0	10222	100	490	2840	2250	190	708	0	-1
6	145	146	0	4822	70	1045	2736	2310	530	2108	0	-1
6	146	147	0	7558	70	1045	2736	2310	530	2108	0	-1


-------------------------------------------------------------------------------------------------------------------
Tour_Id:                	10
No_of_Customers:        	2
No_of_Items:            	21
Customer_Sequence:      	19 4

CustId	Id	TypeId	Rotated	x	y	z	Length	Width	Height	mass	Fragility	LoadBearingStrength
19	161	162	0	3852	81	710	2655	2290	425	1511	0	-1
19	162	163	0	6507	81	710	2655	2290	425	1511	0	-1
19	163	164	0	9162	81	710	2655	2290	425	1524	0	-1
19	164	165	0	3852	81	1135	2655	2290	425	1551	0	-1
19	165	166	0	3852	81	1560	2655	2290	425	1538	0	-1
19	166	167	0	6507	81	1135	2655	2290	425	1538	0	-1
19	167	168	0	9162	81	1135	2655	2290	425	1524	0	-1
19	168	169	0	6507	81	1560	2655	2290	425	1511	0	-1
19	169	170	0	9162	81	1560	2655	2290	425	1538	0	-1
4	54	55	0	1512	51	0	2030	1175	710	745	0	-1
4	55	56	0	3542	51	0	2030	1175	710	744	0	-1
4	56	57	0	5572	51	0	2030	1175	710	750	0	-1
4	57	58	0	7602	51	0	2030	1175	710	750	0	-1
4	58	59	0	9632	51	0	2030	1175	710	753	0	-1
4	59	60	0	1512	1226	0	2030	1175	710	745	0	-1
4	60	61	0	3542	1226	0	2030	1175	710	745	0	-1
4	61	62	0	5572	1226	0	2030	1175	710	742	0	-1
4	62	63	0	7602	1226	0	2030	1175	710	742	0	-1
4	63	64	0	9632	1226	0	2030	1175	710	748	0	-1
4	64	65	0	1822	638	1240	2030	1175	710	748	0	-1
4	173	174	0	1512	271	710	2340	1910	530	1527	0	-1


-------------------------------------------------------------------------------------------------------------------
Tour_Id:                	11
No_of_Customers:        	3
No_of_Items:            	17
Customer_Sequence:      	14 7 8

CustId	Id	TypeId	Rotated	x	y	z	Length	Width	Height	mass	Fragility	LoadBearingStrength
14	121	122	0	5215	623	1180	2165	1204	710	791	0	-1
14	122	123	0	7380	623	1180	2165	1204	710	765	0	-1
14	123	124	0	7380	623	1890	2165	1204	710	765	0	-1
14	124	125	0	11335	24	0	2165	1204	710	771	0	-1
14	125	126	0	11335	24	710	2165	1204	710	768	0	-1
14	126	127	0	11335	24	1420	2165	1204	710	789	0	-1
14	127	128	0	11335	1228	0	2165	1204	710	765	0	-1
14	128	129	0	11335	1228	710	2165	1204	710	771	0	-1
14	129	130	0	11335	1228	1420	2165	1204	710	771	0	-1
7	31	32	0	2320	480	1480	2030	1490	885	974	0	-1
8	42	43	0	2320	145	740	2895	2160	740	2098	0	-1
8	41	42	0	2320	145	0	2895	2160	740	2199	0	-1
8	155	156	0	280	480	0	2040	1490	1180	2016	0	-1
8	156	157	0	280	480	1180	2040	1490	1180	2082	0	-1
8	157	158	0	5215	480	0	2040	1490	1180	2086	0	-1
8	158	159	0	7255	480	0	2040	1490	1180	2086	0	-1
8	159	160	0	9295	480	0	2040	1490	1180	2098	0	-1


