Name:                   	S30_288T
Problem:                	3L-CVRP
Number_of_used_Vehicles:	12
Total_Travel_Distance:  	52306197
Calculation_Time:       	-1
Total_Iterations:       	-1
ConstraintSet:          	UNKNOWN

-------------------------------------------------------------------------------------------------------------------
Tour_Id:                	1
No_of_Customers:        	3
No_of_Items:            	10
Customer_Sequence:      	35 21 5

CustId	Id	TypeId	Rotated	x	y	z	Length	Width	Height	mass	Fragility	LoadBearingStrength
5	92	93	0	1734	105	0	5745	2240	480	3348	0	-1
5	93	94	0	7479	105	0	5745	2240	480	3411	0	-1
5	94	95	0	1734	105	480	5745	2240	480	3678	0	-1
5	95	96	0	1734	105	960	5745	2240	480	3653	0	-1
21	115	116	0	3019	245	1440	2230	1960	425	1064	0	-1
21	116	117	0	5249	245	1440	2230	1960	425	1064	0	-1
21	117	118	0	5219	475	1865	2260	1500	390	815	0	-1
21	118	119	0	7479	100	480	2520	2250	1045	3353	0	-1
35	172	173	0	9999	260	480	3300	1930	690	1684	0	-1
35	173	174	0	9999	260	1170	3300	1930	690	1684	0	-1


-------------------------------------------------------------------------------------------------------------------
Tour_Id:                	2
No_of_Customers:        	3
No_of_Items:            	12
Customer_Sequence:      	16 1 2

CustId	Id	TypeId	Rotated	x	y	z	Length	Width	Height	mass	Fragility	LoadBearingStrength
2	66	67	1	361	140	0	2310	1440	1070	1588	0	-1
2	67	68	0	1801	559	0	2310	1440	1070	1588	0	-1
2	68	69	0	4111	559	0	2310	1440	1070	1598	0	-1
2	208	209	0	361	419	1070	3130	1770	400	1171	0	-1
2	209	210	0	3491	419	1070	3130	1770	400	1171	0	-1
2	69	70	0	2001	584	1470	2310	1440	1070	1598	0	-1
2	70	71	0	4311	584	1470	2310	1440	934	1390	0	-1
1	3	4	0	6421	85	0	6580	2280	425	3635	0	-1
1	4	5	0	6421	85	425	6580	2280	425	3635	0	-1
1	155	156	0	6621	105	850	5745	2240	480	2401	0	-1
1	156	157	0	6621	105	1330	5745	2240	610	3104	0	-1
16	111	112	0	6621	675	1940	1950	1100	430	556	0	-1


-------------------------------------------------------------------------------------------------------------------
Tour_Id:                	3
No_of_Customers:        	3
No_of_Items:            	15
Customer_Sequence:      	27 10 7

CustId	Id	TypeId	Rotated	x	y	z	Length	Width	Height	mass	Fragility	LoadBearingStrength
10	80	81	0	5185	23	840	5980	2410	430	3528	0	-1
10	81	82	0	5185	23	1270	5980	2410	430	3528	0	-1
10	82	83	0	5185	133	1700	5600	2190	480	2874	0	-1
27	110	111	0	5185	153	2180	3800	2150	510	1688	0	-1
7	1	2	0	2455	378	840	2730	1700	320	731	0	-1
7	2	3	0	2455	378	1160	2730	1700	775	1782	0	-1
7	146	147	0	3020	626	1935	2165	1204	710	895	0	-1
7	147	148	0	2455	24	0	2165	1204	840	1083	0	-1
7	148	149	0	2455	1228	0	2165	1204	840	1045	0	-1
7	149	150	0	4620	24	0	2165	1204	840	1083	0	-1
7	150	151	0	4620	1228	0	2165	1204	840	1045	0	-1
7	151	152	0	6785	24	0	2165	1204	840	1045	0	-1
7	152	153	0	6785	1228	0	2165	1204	840	1066	0	-1
7	153	154	0	8950	24	0	2165	1204	840	1066	0	-1
7	154	155	0	8950	1228	0	2165	1204	840	1012	0	-1


-------------------------------------------------------------------------------------------------------------------
Tour_Id:                	4
No_of_Customers:        	2
No_of_Items:            	13
Customer_Sequence:      	25 9

CustId	Id	TypeId	Rotated	x	y	z	Length	Width	Height	mass	Fragility	LoadBearingStrength
25	58	59	0	4347	191	860	2225	1034	730	1059	0	-1
25	59	60	0	6572	194	860	2225	1034	730	1059	0	-1
25	60	61	0	4347	1225	860	2225	1034	730	1070	0	-1
25	61	62	0	6572	1228	860	2225	1034	730	1028	0	-1
25	62	63	0	4347	191	1590	2225	1034	730	1038	0	-1
25	63	64	0	6572	194	1590	2225	1034	730	1018	0	-1
25	64	65	0	4347	1225	1590	2225	1034	730	1028	0	-1
25	65	66	0	6572	1228	1590	2225	1034	730	1028	0	-1
9	83	84	0	899	20	0	5980	2410	430	4475	0	-1
9	84	85	0	6879	20	0	5980	2410	430	4475	0	-1
9	85	86	0	2817	20	430	5980	2410	430	4477	0	-1
25	206	207	0	8797	590	430	2031	1270	1180	1116	0	-1
25	207	208	0	10828	590	430	2031	1270	1180	1116	0	-1


-------------------------------------------------------------------------------------------------------------------
Tour_Id:                	5
No_of_Customers:        	2
No_of_Items:            	19
Customer_Sequence:      	13 6

CustId	Id	TypeId	Rotated	x	y	z	Length	Width	Height	mass	Fragility	LoadBearingStrength
13	141	142	0	7194	235	820	5675	1980	410	1787	0	-1
13	142	143	0	7194	235	1230	5675	1980	410	1787	0	-1
13	143	144	0	7194	235	1640	5675	1980	410	1768	0	-1
6	174	175	0	504	645	0	2230	1160	730	1042	0	-1
6	175	176	0	2734	645	0	2230	1160	730	1013	0	-1
6	176	177	0	4964	65	0	2230	1160	730	1042	0	-1
6	177	178	0	504	645	730	2230	1160	730	1040	0	-1
6	178	179	0	504	645	1460	2230	1160	730	1067	0	-1
6	180	181	0	2734	645	730	2230	1160	730	1038	0	-1
6	181	182	0	2734	645	1460	2230	1160	730	1098	0	-1
6	182	183	0	4964	65	730	2230	1160	730	1056	0	-1
6	185	186	0	4964	65	1460	2230	1160	730	1098	0	-1
6	179	180	0	4964	1225	0	2230	1155	730	1065	0	-1
6	183	184	0	4964	1225	730	2230	1155	730	1079	0	-1
6	184	185	0	4964	1225	1460	2230	1155	730	1068	0	-1
6	23	24	0	7194	330	0	3070	1790	200	356	0	-1
6	24	25	0	10264	330	0	3070	1790	200	356	0	-1
6	25	26	0	7194	330	200	3070	1790	620	2245	0	-1
6	26	27	0	10264	330	200	3070	1790	620	2245	0	-1


-------------------------------------------------------------------------------------------------------------------
Tour_Id:                	6
No_of_Customers:        	2
No_of_Items:            	23
Customer_Sequence:      	15 24

CustId	Id	TypeId	Rotated	x	y	z	Length	Width	Height	mass	Fragility	LoadBearingStrength
15	9	10	0	5530	140	1140	2230	1155	730	877	0	-1
15	10	11	0	7760	140	1140	2230	1155	730	877	0	-1
15	11	12	0	5530	140	1870	2230	1155	730	861	0	-1
15	12	13	0	7760	140	1870	2230	1155	730	861	0	-1
15	13	14	0	10560	140	0	2230	1155	730	838	0	-1
15	14	15	0	10560	140	730	2230	1155	730	838	0	-1
15	15	16	0	8460	1295	1575	2230	1155	730	843	0	-1
15	16	17	0	11100	1295	0	2230	1155	730	834	0	-1
15	17	18	0	11100	1295	730	2230	1155	730	827	0	-1
15	167	168	0	5530	1295	1140	2930	980	870	1122	0	-1
15	166	167	0	8460	1410	0	2640	980	800	924	0	-1
15	165	166	0	8460	1410	800	2640	980	775	928	0	-1
15	8	9	0	10560	140	1460	2230	1155	810	938	0	-1
24	71	72	1	0	140	0	2100	1410	1140	1233	0	-1
24	72	73	1	1410	140	0	2100	1410	1140	1233	0	-1
24	73	74	1	2820	140	0	2100	1410	1140	1283	0	-1
24	74	75	1	4230	140	0	2100	1410	1140	1274	0	-1
24	75	76	1	5640	140	0	2100	1410	1140	1274	0	-1
24	76	77	1	7050	140	0	2100	1410	1140	1261	0	-1
24	77	78	0	1330	510	1302	2100	1410	1140	1258	0	-1
24	78	79	0	3430	768	1140	2100	1410	1140	1255	0	-1
24	210	211	0	1010	40	1140	2420	2350	162	646	0	-1
24	79	80	0	8460	0	0	2100	1410	1140	1275	0	-1


-------------------------------------------------------------------------------------------------------------------
Tour_Id:                	7
No_of_Customers:        	3
No_of_Items:            	21
Customer_Sequence:      	31 3 4

CustId	Id	TypeId	Rotated	x	y	z	Length	Width	Height	mass	Fragility	LoadBearingStrength
4	89	90	0	92	246	0	2545	1270	934	1027	0	-1
4	90	91	0	92	246	934	2545	1270	934	1027	0	-1
4	91	92	3	92	1516	0	2545	1270	934	1034	0	-1
31	42	43	0	92	279	1868	2165	1204	710	669	0	-1
31	43	44	0	2637	661	1685	2165	1204	710	669	0	-1
31	44	45	0	4802	661	1685	2165	1204	710	674	0	-1
31	45	46	0	8109	1204	784	2165	1204	710	674	0	-1
31	46	47	0	8109	0	784	2165	1204	710	679	0	-1
31	47	48	0	10274	1204	784	2165	1204	710	679	0	-1
31	48	49	0	10274	0	784	2165	1204	710	664	0	-1
31	49	50	0	8109	1204	1494	2165	1204	710	664	0	-1
31	50	51	0	8109	0	1494	2165	1204	710	649	0	-1
31	51	52	0	10274	1204	1494	2165	1204	710	688	0	-1
31	52	53	0	10274	0	1494	2165	1204	710	673	0	-1
3	18	19	0	2637	118	0	5230	2290	265	1696	0	-1
3	19	20	0	7867	118	0	5230	2290	265	1696	0	-1
3	20	21	0	8109	118	265	5230	2290	519	3346	0	-1
3	168	169	0	2637	283	265	2736	1960	710	1545	0	-1
3	169	170	0	2637	283	975	2736	1960	710	1551	0	-1
3	170	171	0	5373	283	265	2736	1960	710	1583	0	-1
3	171	172	0	5373	283	975	2736	1960	710	1583	0	-1


-------------------------------------------------------------------------------------------------------------------
Tour_Id:                	8
No_of_Customers:        	4
No_of_Items:            	17
Customer_Sequence:      	19 34 33 32

CustId	Id	TypeId	Rotated	x	y	z	Length	Width	Height	mass	Fragility	LoadBearingStrength
19	159	160	0	8870	505	150	1930	1440	1045	1113	0	-1
19	157	158	0	420	505	1970	1930	1440	510	586	0	-1
19	161	162	1	10800	95	0	2260	1350	1030	1500	0	-1
19	162	163	1	12150	95	0	2260	1350	1030	1509	0	-1
19	163	164	1	10800	95	1030	2260	1350	1030	1509	0	-1
19	164	165	1	12150	95	1030	2260	1350	1030	1483	0	-1
19	158	159	0	10800	505	2060	1930	1440	510	586	0	-1
19	160	161	0	8870	505	1195	1930	1440	1045	1113	0	-1
32	27	28	0	3085	0	0	2890	2450	440	1897	0	-1
32	28	29	0	3085	0	440	2890	2450	440	1897	0	-1
32	186	187	0	420	515	0	2665	1420	985	1785	0	-1
32	187	188	0	420	515	985	2665	1420	985	1785	0	-1
33	192	193	0	3085	485	880	2550	1480	970	1892	0	-1
33	41	42	0	5975	255	0	4725	1940	150	677	0	-1
34	56	57	0	5635	145	880	2895	2160	600	1728	0	-1
34	57	58	0	5975	145	150	2895	2160	730	2168	0	-1
34	205	206	0	5635	665	1480	3100	1120	340	544	0	-1


-------------------------------------------------------------------------------------------------------------------
Tour_Id:                	9
No_of_Customers:        	3
No_of_Items:            	12
Customer_Sequence:      	19 17 31

CustId	Id	TypeId	Rotated	x	y	z	Length	Width	Height	mass	Fragility	LoadBearingStrength
17	203	204	0	5295	130	650	3720	2190	320	1492	0	-1
17	204	205	0	9015	130	650	3720	2190	320	1492	0	-1
19	5	6	0	5295	50	970	3210	2350	533	2104	0	-1
19	6	7	0	8505	50	970	3210	2350	533	2104	0	-1
19	7	8	0	5295	290	1503	3170	1870	533	2112	0	-1
31	193	194	0	1027	110	0	2927	2230	650	2470	0	-1
31	194	195	0	3954	110	0	2927	2230	650	2511	0	-1
31	195	196	0	6881	110	0	2927	2230	650	2514	0	-1
31	196	197	0	9808	110	0	2927	2230	650	2514	0	-1
31	197	198	0	2368	110	650	2927	2230	650	2477	0	-1
17	54	55	0	3175	139	1300	2120	1080	1230	816	0	-1
17	55	56	0	3175	1219	1300	2120	1080	1230	834	0	-1


-------------------------------------------------------------------------------------------------------------------
Tour_Id:                	10
No_of_Customers:        	4
No_of_Items:            	18
Customer_Sequence:      	18 22 28 11

CustId	Id	TypeId	Rotated	x	y	z	Length	Width	Height	mass	Fragility	LoadBearingStrength
18	99	100	0	3709	590	1080	2031	1270	1180	1196	0	-1
18	100	101	0	6636	590	130	2031	1270	1180	1201	0	-1
18	101	102	0	6636	590	1310	2031	1270	1180	1201	0	-1
18	102	103	1	8929	209	0	2031	1270	1180	1187	0	-1
18	103	104	0	10199	0	0	2031	1270	1180	1185	0	-1
18	104	105	0	10199	0	1180	2031	1270	1180	1169	0	-1
18	105	106	3	10199	1270	0	2031	1270	1180	1169	0	-1
18	106	107	1	12230	209	0	2031	1270	1180	1180	0	-1
18	107	108	1	12230	209	1180	2031	1270	1180	1128	0	-1
22	108	109	0	3709	110	130	2927	2230	475	1836	0	-1
22	109	110	0	3709	110	605	2927	2230	475	1836	0	-1
28	202	203	0	1544	624	1420	2165	1204	710	924	0	-1
28	201	202	0	1544	1226	710	2165	1204	710	899	0	-1
28	199	200	0	1544	22	710	2165	1204	710	899	0	-1
28	198	199	0	1544	22	0	2165	1204	710	899	0	-1
28	200	201	0	1544	1226	0	2165	1204	710	891	0	-1
28	53	54	0	3709	235	0	5220	1980	130	906	0	-1
11	137	138	1	94	53	0	2345	1450	1045	1952	0	-1


-------------------------------------------------------------------------------------------------------------------
Tour_Id:                	11
No_of_Customers:        	4
No_of_Items:            	20
Customer_Sequence:      	35 20 23 12

CustId	Id	TypeId	Rotated	x	y	z	Length	Width	Height	mass	Fragility	LoadBearingStrength
12	29	30	1	349	143	0	2165	1204	710	867	0	-1
12	30	31	0	1553	24	0	2165	1204	710	871	0	-1
12	31	32	0	3718	24	0	2165	1204	710	871	0	-1
12	32	33	0	1553	1228	0	2165	1204	710	863	0	-1
12	33	34	0	3718	1228	0	2165	1204	710	863	0	-1
12	34	35	0	5883	24	0	2165	1204	710	896	0	-1
12	35	36	0	8048	24	0	2165	1204	710	896	0	-1
12	36	37	0	5883	1228	0	2165	1204	710	874	0	-1
12	37	38	0	8048	1228	0	2165	1204	710	874	0	-1
12	188	189	0	10213	168	0	2980	2115	519	1430	0	-1
12	189	190	0	1791	366	710	3248	1723	530	1291	0	-1
12	190	191	0	1791	366	1240	3248	1723	530	1295	0	-1
23	38	39	0	2874	625	1770	2165	1204	710	937	0	-1
23	39	40	0	5039	24	710	2165	1204	710	924	0	-1
23	40	41	0	5039	1228	710	2165	1204	710	899	0	-1
20	112	113	0	5039	496	1420	2474	1465	940	2004	0	-1
20	113	114	0	7513	578	710	2700	1300	1050	2039	0	-1
20	114	115	0	10213	575	519	2700	1300	1050	1731	0	-1
35	21	22	0	7513	508	1760	2310	1440	934	1534	0	-1
35	22	23	0	10213	505	1569	2310	1440	934	1534	0	-1


-------------------------------------------------------------------------------------------------------------------
Tour_Id:                	12
No_of_Customers:        	3
No_of_Items:            	24
Customer_Sequence:      	29 30 14

CustId	Id	TypeId	Rotated	x	y	z	Length	Width	Height	mass	Fragility	LoadBearingStrength
30	129	130	0	7615	416	0	3360	1500	430	1049	0	-1
30	130	131	0	4750	416	1330	3360	1500	430	1049	0	-1
30	131	132	0	4750	416	1760	3360	1500	430	1044	0	-1
30	127	128	0	4750	416	0	2865	1360	430	718	0	-1
30	119	120	3	4750	116	0	3200	1520	300	533	0	-1
30	120	121	3	7950	116	0	3200	1520	300	535	0	-1
30	121	122	0	4750	416	430	3200	1520	300	516	0	-1
30	122	123	0	7950	416	430	3200	1520	300	540	0	-1
30	123	124	0	4750	416	730	3200	1520	300	540	0	-1
30	124	125	0	7950	416	730	3200	1520	300	540	0	-1
30	134	135	0	1385	525	1470	3365	1400	509	868	0	-1
30	135	136	3	6770	1936	0	3365	1400	509	900	0	-1
30	136	137	3	10135	1936	0	3365	1400	509	900	0	-1
30	132	133	0	4750	416	2190	3360	1500	430	1044	0	-1
30	125	126	0	4750	416	1030	3200	1520	300	540	0	-1
30	126	127	0	7950	416	1030	3200	1520	300	524	0	-1
30	133	134	0	1385	525	1979	3365	1400	533	913	0	-1
30	128	129	0	8110	416	1330	2865	1360	430	718	0	-1
29	144	145	0	11150	601	0	2345	1335	700	1111	0	-1
29	145	146	0	11150	601	700	2345	1335	700	1111	0	-1
14	96	97	0	0	410	0	4750	1630	490	1847	0	-1
14	97	98	0	0	410	490	4750	1630	490	1847	0	-1
14	98	99	0	0	410	980	4750	1630	490	1847	0	-1
29	0	1	0	8110	351	1760	2650	1490	934	1720	0	-1


