Name:                   	S40_336T
Problem:                	3L-CVRP
Number_of_used_Vehicles:	13
Total_Travel_Distance:  	60925040
Calculation_Time:       	-1
Total_Iterations:       	-1
ConstraintSet:          	UNKNOWN

-------------------------------------------------------------------------------------------------------------------
Tour_Id:                	1
No_of_Customers:        	2
No_of_Items:            	26
Customer_Sequence:      	33 3

CustId	Id	TypeId	Rotated	x	y	z	Length	Width	Height	mass	Fragility	LoadBearingStrength
33	105	106	0	7005	1225	0	2165	1204	710	730	0	-1
33	106	107	0	7005	21	0	2165	1204	710	730	0	-1
33	107	108	0	9170	1237	0	2165	1204	710	721	0	-1
33	108	109	0	9170	33	0	2165	1204	710	713	0	-1
33	109	110	0	11335	21	0	2165	1204	710	751	0	-1
33	110	111	0	11335	1225	0	2165	1204	710	751	0	-1
33	111	112	0	7005	1225	1550	2165	1204	710	722	0	-1
33	112	113	0	7005	21	1550	2165	1204	710	722	0	-1
33	114	115	0	7005	1225	710	2165	1204	840	868	0	-1
33	115	116	0	7005	21	710	2165	1204	840	868	0	-1
33	116	117	0	9170	1237	710	2165	1204	840	860	0	-1
33	117	118	0	9170	33	710	2165	1204	840	860	0	-1
33	104	105	0	9170	1237	1550	2165	1204	620	627	0	-1
33	113	114	0	9170	33	1550	2165	1204	710	723	0	-1
3	0	1	0	510	20	0	2165	1204	710	847	0	-1
3	1	2	0	510	1224	0	2165	1204	710	847	0	-1
3	2	3	0	2675	1224	0	2165	1204	710	863	0	-1
3	3	4	0	2675	20	0	2165	1204	710	845	0	-1
3	4	5	0	4840	1224	0	2165	1204	710	845	0	-1
3	5	6	0	4840	20	0	2165	1204	710	847	0	-1
3	6	7	0	790	622	710	2165	1204	710	861	0	-1
3	7	8	0	790	622	1420	2165	1204	840	1002	0	-1
3	178	179	0	2955	484	710	4050	1480	430	1544	0	-1
3	179	180	0	2955	484	1140	4050	1480	430	1553	0	-1
3	180	181	0	2955	484	1570	4050	1480	430	1553	0	-1
3	181	182	0	2955	484	2000	4050	1480	430	1557	0	-1


-------------------------------------------------------------------------------------------------------------------
Tour_Id:                	2
No_of_Customers:        	2
No_of_Items:            	9
Customer_Sequence:      	23 34

CustId	Id	TypeId	Rotated	x	y	z	Length	Width	Height	mass	Fragility	LoadBearingStrength
23	190	191	0	7070	93	480	5130	2265	480	2375	0	-1
23	191	192	0	7070	93	960	5130	2265	480	2375	0	-1
23	192	193	0	7070	93	1440	5130	2265	480	2367	0	-1
23	193	194	0	7070	93	1920	5130	2265	480	2367	0	-1
34	135	136	0	1325	105	0	5745	2240	610	2984	0	-1
34	136	137	0	1325	105	610	5745	2240	610	2984	0	-1
34	133	134	0	1325	105	1830	5745	2240	480	2654	0	-1
34	134	135	0	7070	105	0	5745	2240	480	2367	0	-1
34	137	138	0	1325	105	1220	5745	2240	610	3080	0	-1


-------------------------------------------------------------------------------------------------------------------
Tour_Id:                	3
No_of_Customers:        	1
No_of_Items:            	14
Customer_Sequence:      	32

-------------------------------------------------------------------------------------------------------------------
Tour_Id:                	4
No_of_Customers:        	3
No_of_Items:            	20
Customer_Sequence:      	14 15 9

CustId	Id	TypeId	Rotated	x	y	z	Length	Width	Height	mass	Fragility	LoadBearingStrength
14	207	208	0	3930	0	2145	2470	1310	510	618	0	-1
14	208	209	0	6400	0	2145	2470	1310	510	611	0	-1
9	194	195	0	2930	50	985	1980	1200	1160	1104	0	-1
9	195	196	0	4910	50	985	1980	1200	1160	1067	0	-1
9	196	197	0	6890	50	985	1980	1200	1160	1087	0	-1
9	197	198	0	6890	1250	985	1980	1200	1160	1068	0	-1
9	198	199	0	2930	1250	985	1980	1200	1140	1073	0	-1
9	199	200	0	4910	1250	985	1980	1200	1140	1074	0	-1
9	200	201	0	8870	625	985	1980	1200	1140	1074	0	-1
9	22	23	0	950	34	0	1980	1200	985	1178	0	-1
9	23	24	0	2930	50	0	1980	1200	985	1178	0	-1
9	24	25	0	4910	50	0	1980	1200	985	1154	0	-1
9	25	26	0	6890	50	0	1980	1200	985	1154	0	-1
9	26	27	0	8870	625	0	1980	1200	985	1149	0	-1
9	27	28	0	950	1234	0	1980	1200	985	1142	0	-1
9	28	29	0	2930	1250	0	1980	1200	985	1142	0	-1
9	29	30	0	4910	1250	0	1980	1200	985	1157	0	-1
9	30	31	0	6890	1250	0	1980	1200	985	1157	0	-1
15	54	55	0	10850	480	0	2650	1490	934	2115	0	-1
15	55	56	0	10850	480	934	2650	1490	934	2115	0	-1


-------------------------------------------------------------------------------------------------------------------
Tour_Id:                	5
No_of_Customers:        	3
No_of_Items:            	15
Customer_Sequence:      	29 2 1

CustId	Id	TypeId	Rotated	x	y	z	Length	Width	Height	mass	Fragility	LoadBearingStrength
29	45	46	0	10252	363	1650	3248	1723	610	1742	0	-1
1	79	80	0	98	590	1180	2031	1270	1050	1390	0	-1
1	81	82	0	98	590	0	2031	1270	1180	1585	0	-1
1	80	81	0	2129	590	1180	2031	1270	1050	1390	0	-1
1	82	83	0	2129	590	0	2031	1270	1180	1606	0	-1
1	234	235	0	1165	685	2230	2995	1080	350	557	0	-1
1	83	84	0	4160	590	0	2031	1270	1180	1606	0	-1
1	84	85	0	6191	590	0	2031	1270	1180	1549	0	-1
1	85	86	0	8222	590	0	2031	1270	1180	1549	0	-1
1	86	87	0	4160	590	1180	2031	1270	1180	1581	0	-1
1	87	88	0	6191	590	1180	2031	1270	1180	1587	0	-1
2	225	226	0	8222	480	1180	2030	1490	1140	1589	0	-1
2	226	227	1	10253	209	0	2030	1490	1140	1589	0	-1
2	227	228	1	11743	209	0	2030	1490	1140	1615	0	-1
2	62	63	0	10253	280	1140	3050	1890	510	1616	0	-1


-------------------------------------------------------------------------------------------------------------------
Tour_Id:                	6
No_of_Customers:        	3
No_of_Items:            	12
Customer_Sequence:      	8 19 20

CustId	Id	TypeId	Rotated	x	y	z	Length	Width	Height	mass	Fragility	LoadBearingStrength
20	44	45	0	1725	743	990	2190	965	900	1046	0	-1
20	204	205	0	530	125	0	5550	2200	495	3278	0	-1
20	205	206	0	530	125	495	5550	2200	495	3290	0	-1
19	126	127	0	3915	623	990	2165	1204	840	1073	0	-1
19	127	128	0	6080	20	0	2165	1204	840	1030	0	-1
19	128	129	0	8245	20	0	2165	1204	840	1058	0	-1
19	129	130	0	10410	20	0	2165	1204	840	1058	0	-1
19	130	131	0	6080	1224	0	2165	1204	840	1045	0	-1
19	131	132	0	8245	1224	0	2165	1204	840	1045	0	-1
19	132	133	0	10410	1224	0	2165	1204	840	1076	0	-1
8	154	155	0	6080	44	840	6160	2360	620	3518	0	-1
8	155	156	0	6080	44	1460	6160	2360	620	3518	0	-1


-------------------------------------------------------------------------------------------------------------------
Tour_Id:                	7
No_of_Customers:        	3
No_of_Items:            	23
Customer_Sequence:      	29 23 30

CustId	Id	TypeId	Rotated	x	y	z	Length	Width	Height	mass	Fragility	LoadBearingStrength
30	92	93	0	1914	80	0	2230	1050	730	1100	0	-1
30	97	98	0	1914	80	730	2230	1050	730	1122	0	-1
30	100	101	0	4144	80	0	2230	1050	730	1100	0	-1
30	91	92	0	1914	1130	0	2230	1155	730	1097	0	-1
30	93	94	0	1914	1130	730	2230	1155	730	1102	0	-1
30	94	95	0	4144	1130	0	2230	1155	730	1102	0	-1
30	101	102	0	6374	80	0	2230	1050	730	1100	0	-1
30	102	103	0	4144	80	730	2230	1050	730	1054	0	-1
30	103	104	0	6374	80	730	2230	1050	730	1054	0	-1
30	95	96	0	6374	1130	0	2230	1155	730	1107	0	-1
30	96	97	0	4144	1130	730	2230	1155	730	1107	0	-1
30	98	99	0	6374	1130	730	2230	1155	730	1109	0	-1
30	99	100	0	4724	604	1460	2230	1155	730	1109	0	-1
30	236	237	0	2124	515	1460	2600	1770	410	733	0	-1
23	14	15	0	8604	42	0	2165	1204	710	661	0	-1
23	15	16	0	8604	1246	0	2165	1204	710	665	0	-1
23	16	17	0	8604	42	710	2165	1204	710	653	0	-1
23	17	18	0	8604	1246	710	2165	1204	710	669	0	-1
23	18	19	0	10769	42	0	2165	1204	710	669	0	-1
23	19	20	0	10769	1246	0	2165	1204	710	645	0	-1
23	20	21	0	10769	42	710	2165	1204	710	645	0	-1
23	21	22	0	10769	1246	710	2165	1204	710	648	0	-1
29	206	207	0	6954	40	1460	5980	2410	430	3622	0	-1


-------------------------------------------------------------------------------------------------------------------
Tour_Id:                	8
No_of_Customers:        	3
No_of_Items:            	15
Customer_Sequence:      	16 36 28

CustId	Id	TypeId	Rotated	x	y	z	Length	Width	Height	mass	Fragility	LoadBearingStrength
36	165	166	0	4992	1282	1599	1945	1000	1009	925	0	-1
36	166	167	0	6937	222	0	1945	1000	1009	925	0	-1
36	167	168	0	6937	1222	0	1945	1000	1009	938	0	-1
36	168	169	0	8882	222	0	1945	1000	1009	909	0	-1
36	169	170	0	10827	222	0	1945	1000	1009	912	0	-1
36	170	171	0	8882	1222	0	1945	1000	1009	932	0	-1
36	163	164	0	2257	692	1599	2340	1080	1050	1195	0	-1
36	164	165	0	4597	202	1599	2340	1080	1050	1195	0	-1
36	171	172	0	10827	1222	0	1945	1000	1009	946	0	-1
16	159	160	0	6937	234	1009	4610	1975	425	2130	0	-1
16	160	161	0	6937	234	1434	4610	1975	425	2130	0	-1
16	161	162	0	6937	234	1859	4610	1975	425	2103	0	-1
28	172	173	0	1447	182	519	5490	2100	540	2752	0	-1
28	174	175	0	727	222	0	6210	2020	519	2962	0	-1
28	173	174	0	1447	182	1059	5490	2100	540	2752	0	-1


-------------------------------------------------------------------------------------------------------------------
Tour_Id:                	9
No_of_Customers:        	3
No_of_Items:            	12
Customer_Sequence:      	17 14 15

CustId	Id	TypeId	Rotated	x	y	z	Length	Width	Height	mass	Fragility	LoadBearingStrength
15	209	210	0	1245	105	0	5745	2240	480	3590	0	-1
15	210	211	0	1245	105	480	5745	2240	480	3590	0	-1
15	211	212	0	1245	105	960	5745	2240	530	3890	0	-1
14	46	47	0	2910	480	1490	2040	1490	1050	1345	0	-1
14	47	48	0	4950	480	1490	2040	1490	1050	1345	0	-1
14	48	49	1	6990	205	0	2040	1490	1050	1335	0	-1
14	49	50	1	6990	205	1050	2040	1490	1050	1335	0	-1
14	50	51	1	8480	205	0	2040	1490	1050	1346	0	-1
14	51	52	1	8480	205	1050	2040	1490	1050	1357	0	-1
14	52	53	0	9970	402	0	2040	1490	1050	1338	0	-1
14	53	54	1	12010	402	0	2040	1490	1050	1338	0	-1
17	219	220	0	9970	286	1050	3248	1723	610	2069	0	-1


-------------------------------------------------------------------------------------------------------------------
Tour_Id:                	10
No_of_Customers:        	3
No_of_Items:            	14
Customer_Sequence:      	11 12 10

CustId	Id	TypeId	Rotated	x	y	z	Length	Width	Height	mass	Fragility	LoadBearingStrength
11	118	119	0	7560	177	0	2970	2096	710	1784	0	-1
11	119	120	0	10530	177	0	2970	2096	710	1729	0	-1
11	120	121	0	7560	177	710	2970	2096	710	1729	0	-1
11	121	122	0	10530	177	710	2970	2096	710	1739	0	-1
11	122	123	0	7560	177	1420	2970	2096	710	1739	0	-1
10	162	163	0	35	125	0	5110	2200	610	2566	0	-1
12	217	218	0	2740	551	1609	2405	1349	580	1210	0	-1
12	218	219	0	5145	551	0	2405	1349	580	1194	0	-1
12	214	215	0	5145	610	580	2415	1230	580	1079	0	-1
12	215	216	0	5145	610	1160	2415	1230	580	1030	0	-1
12	216	217	0	5145	610	1740	2415	1230	580	1030	0	-1
12	56	57	0	415	250	610	4730	1950	480	2086	0	-1
12	212	213	0	625	255	1090	2260	1940	519	1395	0	-1
12	213	214	0	2885	255	1090	2260	1940	519	1395	0	-1


-------------------------------------------------------------------------------------------------------------------
Tour_Id:                	11
No_of_Customers:        	3
No_of_Items:            	22
Customer_Sequence:      	24 18 17

CustId	Id	TypeId	Rotated	x	y	z	Length	Width	Height	mass	Fragility	LoadBearingStrength
24	74	75	0	9275	1246	1550	2060	1015	985	730	0	-1
24	75	76	0	11440	211	0	2060	1015	985	730	0	-1
24	76	77	0	11440	211	985	2060	1015	985	726	0	-1
24	77	78	0	11440	1226	0	2060	1015	985	719	0	-1
24	78	79	0	11440	1226	985	2060	1015	985	734	0	-1
17	57	58	0	590	167	0	3260	2130	710	2321	0	-1
17	58	59	0	3850	167	0	3260	2130	710	2321	0	-1
17	60	61	0	3850	167	710	3260	2130	690	2257	0	-1
17	59	60	0	1114	252	710	2736	1960	696	1855	0	-1
18	31	32	0	7110	1246	710	2165	1204	530	458	0	-1
18	201	202	0	4460	487	1400	2650	1490	1070	1494	0	-1
18	39	40	0	2295	545	1406	2165	1204	1160	937	0	-1
18	40	41	0	7110	42	1360	2165	1204	1160	937	0	-1
18	41	42	0	9275	42	1360	2165	1204	1160	927	0	-1
18	42	43	0	7110	1246	1240	2165	1204	1160	927	0	-1
18	38	39	0	9275	1246	710	2165	1204	840	731	0	-1
18	34	35	0	7110	42	0	2165	1204	710	675	0	-1
18	35	36	0	7110	1246	0	2165	1204	710	675	0	-1
18	32	33	0	7110	42	710	2165	1204	650	625	0	-1
18	36	37	0	9275	42	0	2165	1204	710	675	0	-1
18	37	38	0	9275	1246	0	2165	1204	710	625	0	-1
18	33	34	0	9275	42	710	2165	1204	650	625	0	-1


-------------------------------------------------------------------------------------------------------------------
Tour_Id:                	12
No_of_Customers:        	3
No_of_Items:            	16
Customer_Sequence:      	26 31 13

CustId	Id	TypeId	Rotated	x	y	z	Length	Width	Height	mass	Fragility	LoadBearingStrength
26	153	154	0	7780	235	1655	5675	1980	425	2183	0	-1
31	63	64	0	7780	80	0	2655	2290	410	1577	0	-1
31	64	65	0	10435	80	0	2655	2290	410	1563	0	-1
31	65	66	0	7780	80	835	2655	2290	410	1563	0	-1
31	66	67	0	7780	80	1245	2655	2290	410	1563	0	-1
31	67	68	0	10435	80	835	2655	2290	410	1563	0	-1
31	68	69	0	10435	80	1245	2655	2290	410	1563	0	-1
31	69	70	0	7780	80	410	2655	2290	425	1595	0	-1
31	70	71	0	10435	80	410	2655	2290	425	1595	0	-1
31	228	229	0	5720	210	0	2060	1015	985	766	0	-1
31	229	230	0	5720	1225	0	2060	1015	985	766	0	-1
31	230	231	0	5720	717	985	2060	1015	985	766	0	-1
13	89	90	1	0	340	0	1770	1300	1180	1220	0	-1
13	90	91	0	3950	575	0	1770	1300	1180	1220	0	-1
13	235	236	0	1300	480	0	2650	1490	934	2059	0	-1
13	88	89	0	1300	495	934	2231	1460	1050	1503	0	-1


-------------------------------------------------------------------------------------------------------------------
Tour_Id:                	13
No_of_Customers:        	3
No_of_Items:            	12
Customer_Sequence:      	24 27 35

CustId	Id	TypeId	Rotated	x	y	z	Length	Width	Height	mass	Fragility	LoadBearingStrength
24	232	233	0	7539	77	1180	3710	2350	519	2478	0	-1
24	233	234	0	7539	77	1699	3710	2350	519	2478	0	-1
35	231	232	0	2458	280	1030	3050	1890	520	1796	0	-1
35	72	73	0	999	342	0	6540	1765	330	2425	0	-1
35	71	72	0	1549	225	330	5990	2000	320	2423	0	-1
35	73	74	0	1549	225	650	5990	2000	380	2873	0	-1
27	61	62	0	2808	575	1550	2700	1300	940	1781	0	-1
27	220	221	0	5508	590	1030	2031	1270	1180	1388	0	-1
27	221	222	1	7539	177	0	2031	1270	1180	1388	0	-1
27	222	223	1	8809	177	0	2031	1270	1180	1400	0	-1
27	223	224	1	10079	177	0	2031	1270	1180	1400	0	-1
27	224	225	0	11349	590	0	2031	1270	1180	1388	0	-1


