Name:                   	S50_360T
Problem:                	3L-CVRP
Number_of_used_Vehicles:	15
Total_Travel_Distance:  	57138292
Calculation_Time:       	-1
Total_Iterations:       	-1
ConstraintSet:          	UNKNOWN

-------------------------------------------------------------------------------------------------------------------
Tour_Id:                	1
No_of_Customers:        	2
No_of_Items:            	16
Customer_Sequence:      	33 19

CustId	Id	TypeId	Rotated	x	y	z	Length	Width	Height	mass	Fragility	LoadBearingStrength
19	185	186	0	469	35	0	1975	1200	710	658	0	-1
19	186	187	0	2444	35	0	1975	1200	710	658	0	-1
19	187	188	0	4419	35	0	1975	1200	710	647	0	-1
19	188	189	0	469	1235	0	1975	1200	710	643	0	-1
19	190	191	0	2444	1235	0	1975	1200	710	658	0	-1
19	191	192	0	4419	1235	0	1975	1200	710	653	0	-1
19	189	190	0	6394	20	0	1935	1230	710	653	0	-1
19	192	193	0	6394	1250	0	1975	1200	710	641	0	-1
33	4	5	0	2414	255	710	5765	1960	190	1479	0	-1
33	6	7	0	3559	130	900	4620	2210	540	3728	0	-1
33	5	6	0	3559	145	1440	4810	2180	520	3429	0	-1
33	209	210	0	3559	525	1960	3100	1420	430	1078	0	-1
33	7	8	0	8369	15	0	4720	2420	530	4131	0	-1
33	210	211	0	8369	515	530	3100	1420	430	1078	0	-1
33	211	212	0	8369	515	960	3100	1420	430	1096	0	-1
33	212	213	0	8369	515	1390	3100	1420	430	1096	0	-1


-------------------------------------------------------------------------------------------------------------------
Tour_Id:                	2
No_of_Customers:        	1
No_of_Items:            	26
Customer_Sequence:      	21

-------------------------------------------------------------------------------------------------------------------
Tour_Id:                	3
No_of_Customers:        	2
No_of_Items:            	18
Customer_Sequence:      	32 18

CustId	Id	TypeId	Rotated	x	y	z	Length	Width	Height	mass	Fragility	LoadBearingStrength
18	139	140	0	1363	125	0	2090	1100	1180	1088	0	-1
18	140	141	0	3453	125	0	2090	1100	1180	1088	0	-1
18	141	142	0	5543	125	0	2090	1100	1180	1088	0	-1
18	142	143	0	7633	125	0	2090	1100	1180	1097	0	-1
18	143	144	0	1363	1225	0	2090	1100	1180	1097	0	-1
18	144	145	0	3453	1225	0	2090	1100	1180	1053	0	-1
18	145	146	0	5543	1225	0	2090	1100	1180	1124	0	-1
18	146	147	0	7633	1225	0	2090	1100	1180	1071	0	-1
18	147	148	0	1513	125	1180	2090	1100	1180	1071	0	-1
18	138	139	0	1513	1225	1180	2090	1100	1140	1096	0	-1
32	204	205	0	3603	275	1180	3060	1900	805	1768	0	-1
32	205	206	0	6663	275	1180	3060	1900	805	1805	0	-1
32	207	208	0	3603	178	1985	2830	2095	696	1703	0	-1
32	208	209	0	6433	178	1985	2830	2095	696	1720	0	-1
32	3	4	0	9723	363	0	3248	1723	530	1167	0	-1
32	202	203	0	9723	275	530	3060	1900	600	1326	0	-1
32	203	204	0	9723	275	1130	3060	1900	600	1326	0	-1
32	206	207	0	9723	275	1730	3060	1900	805	1805	0	-1


-------------------------------------------------------------------------------------------------------------------
Tour_Id:                	4
No_of_Customers:        	3
No_of_Items:            	19
Customer_Sequence:      	36 35 34

CustId	Id	TypeId	Rotated	x	y	z	Length	Width	Height	mass	Fragility	LoadBearingStrength
34	278	279	0	680	136	0	2520	2140	580	1595	0	-1
34	113	114	0	1180	136	580	2020	1097	1180	1459	0	-1
34	114	115	0	1180	1233	580	2020	1097	1180	1459	0	-1
35	275	276	0	1118	658	1760	2145	1150	750	742	0	-1
35	103	104	0	3200	199	0	2060	1015	985	1156	0	-1
35	104	105	0	3200	1214	0	2060	1015	985	1068	0	-1
35	105	106	0	5260	199	0	2060	1015	985	1032	0	-1
35	106	107	0	7320	199	0	2060	1015	985	1032	0	-1
35	107	108	0	9380	199	0	2060	1015	985	1058	0	-1
35	108	109	0	11440	210	0	2060	1015	985	1050	0	-1
35	109	110	0	5260	1214	0	2060	1015	985	1017	0	-1
35	110	111	0	7320	1214	0	2060	1015	985	1017	0	-1
35	111	112	0	9380	1214	0	2060	1015	985	1054	0	-1
35	112	113	0	11440	1225	0	2060	1015	985	1048	0	-1
35	276	277	0	3263	639	985	2145	1150	750	742	0	-1
35	277	278	0	3263	639	1735	2145	1150	730	747	0	-1
36	95	96	0	5408	379	985	5480	1750	330	1962	0	-1
36	96	97	0	5408	179	1315	3800	2150	520	2415	0	-1
36	273	274	0	5408	442	1835	3340	1625	509	1403	0	-1


-------------------------------------------------------------------------------------------------------------------
Tour_Id:                	5
No_of_Customers:        	1
No_of_Items:            	19
Customer_Sequence:      	29

-------------------------------------------------------------------------------------------------------------------
Tour_Id:                	6
No_of_Customers:        	2
No_of_Items:            	7
Customer_Sequence:      	24 25

CustId	Id	TypeId	Rotated	x	y	z	Length	Width	Height	mass	Fragility	LoadBearingStrength
25	124	125	0	1716	109	0	3220	2232	410	1938	0	-1
25	125	126	0	1716	109	410	3220	2232	410	1938	0	-1
24	133	134	0	4936	105	0	5745	2240	480	3232	0	-1
24	134	135	0	4936	105	480	5745	2240	480	3220	0	-1
24	135	136	0	4936	105	960	5745	2240	480	3220	0	-1
24	136	137	0	4936	105	1440	5745	2240	480	3742	0	-1
24	137	138	0	4936	105	1920	5745	2240	480	3742	0	-1


-------------------------------------------------------------------------------------------------------------------
Tour_Id:                	7
No_of_Customers:        	3
No_of_Items:            	15
Customer_Sequence:      	20 11 12

CustId	Id	TypeId	Rotated	x	y	z	Length	Width	Height	mass	Fragility	LoadBearingStrength
12	195	196	0	1565	26	0	2165	1204	230	294	0	-1
12	196	197	0	1565	1230	0	2165	1204	230	294	0	-1
12	197	198	0	1565	26	230	2165	1204	710	910	0	-1
12	198	199	0	1565	26	940	2165	1204	710	862	0	-1
12	199	200	0	1565	1230	230	2165	1204	710	862	0	-1
12	200	201	0	1565	1230	940	2165	1204	710	872	0	-1
12	201	202	0	1565	628	1650	2165	1204	710	892	0	-1
12	0	1	0	3730	105	0	5745	2240	480	3023	0	-1
12	1	2	0	3730	105	480	5745	2240	610	3716	0	-1
12	2	3	0	3730	105	1090	5745	2240	610	3660	0	-1
11	184	185	3	9475	253	0	2865	1360	430	811	0	-1
20	120	121	0	3730	563	1700	4025	1325	710	1680	0	-1
20	121	122	0	9475	683	0	4025	1325	710	1680	0	-1
20	122	123	0	9475	683	710	4025	1325	710	1741	0	-1
20	123	124	0	9475	683	1420	4025	1325	710	1700	0	-1


-------------------------------------------------------------------------------------------------------------------
Tour_Id:                	8
No_of_Customers:        	3
No_of_Items:            	12
Customer_Sequence:      	22 6 7

CustId	Id	TypeId	Rotated	x	y	z	Length	Width	Height	mass	Fragility	LoadBearingStrength
7	263	264	1	0	111	0	2229	1890	509	873	0	-1
7	264	265	0	1890	235	0	3220	1980	509	1285	0	-1
7	265	266	0	1890	235	509	3220	1980	509	1295	0	-1
7	77	78	0	2460	480	1018	2650	1490	934	2059	0	-1
6	45	46	0	5110	254	0	4060	1943	710	2499	0	-1
6	46	47	0	9170	254	0	4060	1943	696	2450	0	-1
6	234	235	0	5110	105	710	5745	2240	480	3189	0	-1
6	235	236	0	5110	105	1190	5745	2240	480	2665	0	-1
6	236	237	0	5110	105	1670	5745	2240	480	2665	0	-1
22	219	220	0	7695	180	2150	3160	2090	509	1706	0	-1
22	220	221	0	10855	500	696	2345	1450	900	1459	0	-1
22	221	222	0	10855	500	1596	2345	1450	900	1459	0	-1


-------------------------------------------------------------------------------------------------------------------
Tour_Id:                	9
No_of_Customers:        	2
No_of_Items:            	28
Customer_Sequence:      	27 26

CustId	Id	TypeId	Rotated	x	y	z	Length	Width	Height	mass	Fragility	LoadBearingStrength
26	22	23	0	1470	130	0	2050	730	750	558	0	-1
26	23	24	0	1470	860	0	2050	730	750	558	0	-1
26	24	25	0	1470	1590	0	2050	730	750	558	0	-1
26	25	26	0	3520	130	0	2050	730	750	558	0	-1
26	26	27	0	3520	860	0	2050	730	750	558	0	-1
26	27	28	0	3520	1590	0	2050	730	750	558	0	-1
26	28	29	0	11450	495	0	2050	730	750	558	0	-1
26	29	30	0	11450	1225	0	2050	730	750	558	0	-1
26	8	9	0	3520	595	2250	2050	730	155	125	0	-1
26	10	11	0	2230	261	750	1670	640	750	377	0	-1
26	11	12	0	3900	261	750	1670	640	750	377	0	-1
26	12	13	0	2230	261	1500	1670	640	750	386	0	-1
26	13	14	0	3900	261	1500	1670	640	750	377	0	-1
26	9	10	0	3900	1325	2250	1670	640	162	77	0	-1
26	14	15	0	2230	901	750	1670	640	750	377	0	-1
26	15	16	0	2230	901	1500	1670	640	750	386	0	-1
26	16	17	0	2230	1541	750	1670	640	750	386	0	-1
26	17	18	0	2230	1541	1500	1670	640	750	386	0	-1
26	18	19	0	3900	901	750	1670	640	750	386	0	-1
26	19	20	0	3900	901	1500	1670	640	750	386	0	-1
26	20	21	0	3900	1541	750	1670	640	750	386	0	-1
26	21	22	0	3900	1541	1500	1670	640	750	386	0	-1
27	193	194	0	5570	225	1210	2155	2000	690	1485	0	-1
27	194	195	0	7725	225	1210	2155	2000	690	1485	0	-1
26	213	214	0	5570	70	0	5880	2310	180	1319	0	-1
26	214	215	0	5570	70	180	5880	2310	180	1319	0	-1
26	215	216	0	5570	70	360	5880	2310	425	3141	0	-1
26	216	217	0	5570	70	785	5880	2310	425	3141	0	-1


-------------------------------------------------------------------------------------------------------------------
Tour_Id:                	10
No_of_Customers:        	2
No_of_Items:            	22
Customer_Sequence:      	3 5

CustId	Id	TypeId	Rotated	x	y	z	Length	Width	Height	mass	Fragility	LoadBearingStrength
5	71	72	0	2206	592	710	2031	1270	710	850	0	-1
5	72	73	0	4237	592	710	2031	1270	710	850	0	-1
5	74	75	0	2206	592	1420	2031	1270	1180	1338	0	-1
5	254	255	0	2206	23	0	2165	1204	710	1011	0	-1
5	73	74	0	175	590	0	2031	1270	1140	1386	0	-1
5	255	256	0	2206	1227	0	2165	1204	710	1011	0	-1
5	256	257	0	4371	23	0	2165	1204	710	1029	0	-1
5	257	258	0	4371	1227	0	2165	1204	710	1029	0	-1
5	258	259	0	6536	23	0	2165	1204	710	949	0	-1
5	259	260	0	6536	1227	0	2165	1204	710	905	0	-1
5	260	261	0	6268	625	710	2165	1204	710	887	0	-1
5	75	76	0	4237	592	1420	2031	1270	1180	1338	0	-1
5	76	77	0	6268	592	1420	2031	1270	1180	1350	0	-1
5	261	262	0	8701	35	0	2165	1204	840	1038	0	-1
5	262	263	0	8701	1239	0	2165	1204	840	1152	0	-1
3	274	275	0	10866	120	0	2560	2210	410	885	0	-1
3	97	98	0	8881	1543	840	1985	900	740	663	0	-1
3	102	103	0	8696	88	840	2170	1455	934	1485	0	-1
3	98	99	0	10866	1255	410	1970	930	940	900	0	-1
3	99	100	0	10866	1255	1350	1970	930	940	900	0	-1
3	100	101	0	10866	325	410	1970	930	940	1023	0	-1
3	101	102	0	10866	325	1350	1970	930	940	1023	0	-1


-------------------------------------------------------------------------------------------------------------------
Tour_Id:                	11
No_of_Customers:        	2
No_of_Items:            	8
Customer_Sequence:      	1 4

CustId	Id	TypeId	Rotated	x	y	z	Length	Width	Height	mass	Fragility	LoadBearingStrength
1	161	162	0	3776	54	1920	4655	2342	530	4269	0	-1
1	160	161	0	8431	54	0	4655	2342	480	2748	0	-1
1	158	159	0	8431	280	480	3050	1890	480	1605	0	-1
1	159	160	0	8431	280	960	3050	1890	480	1605	0	-1
4	154	155	0	2686	105	0	5745	2240	480	2791	0	-1
4	155	156	0	2686	105	480	5745	2240	480	2825	0	-1
4	156	157	0	2686	105	960	5745	2240	480	2962	0	-1
4	157	158	0	2686	105	1440	5745	2240	480	2962	0	-1


-------------------------------------------------------------------------------------------------------------------
Tour_Id:                	12
No_of_Customers:        	3
No_of_Items:            	14
Customer_Sequence:      	37 30 28

CustId	Id	TypeId	Rotated	x	y	z	Length	Width	Height	mass	Fragility	LoadBearingStrength
28	127	128	0	0	712	0	2030	1490	1200	1756	0	-1
28	128	129	0	2030	369	0	2030	1490	1200	1816	0	-1
28	129	130	0	4060	369	0	2030	1490	1200	1816	0	-1
28	130	131	1	6090	369	0	2030	1490	1200	1831	0	-1
28	131	132	1	7580	369	0	2030	1490	1200	1786	0	-1
28	132	133	1	9070	369	0	2030	1490	1200	1786	0	-1
28	126	127	0	2610	369	1200	2030	1490	1090	1613	0	-1
37	179	180	0	7510	369	1709	3248	1723	610	1319	0	-1
30	152	153	0	4640	274	1200	2870	1680	640	1326	0	-1
30	151	152	0	10560	30	0	2840	2250	509	1415	0	-1
30	148	149	0	10560	0	509	2736	2310	440	1238	0	-1
30	149	150	0	10560	0	949	2736	2310	440	1235	0	-1
30	150	151	0	7510	369	1200	3050	1890	509	1079	0	-1
30	153	154	0	4640	274	1840	2870	1680	640	1385	0	-1


-------------------------------------------------------------------------------------------------------------------
Tour_Id:                	13
No_of_Customers:        	2
No_of_Items:            	15
Customer_Sequence:      	22 13

CustId	Id	TypeId	Rotated	x	y	z	Length	Width	Height	mass	Fragility	LoadBearingStrength
13	226	227	0	8	515	0	2630	1420	855	1130	0	-1
13	227	228	0	8	515	855	2630	1420	855	1130	0	-1
13	39	40	0	8238	78	0	4650	2360	300	2148	0	-1
13	40	41	0	8238	78	300	4650	2360	300	2148	0	-1
13	222	223	0	7898	417	610	2375	1595	740	975	0	-1
13	223	224	0	7898	417	1350	2375	1595	740	991	0	-1
13	224	225	0	10273	417	600	2375	1595	740	991	0	-1
13	225	226	0	10273	417	1340	2375	1595	740	945	0	-1
13	228	229	0	8	515	1710	2630	1420	855	1126	0	-1
13	41	42	0	2638	120	0	5600	2190	610	3815	0	-1
13	229	230	0	2638	505	610	2630	1420	855	1151	0	-1
13	230	231	0	5268	505	610	2630	1420	855	1151	0	-1
13	231	232	0	2638	505	1465	2630	1420	855	1122	0	-1
13	232	233	0	5268	505	1465	2630	1420	855	1122	0	-1
22	38	39	0	7898	353	2090	3248	1723	610	1742	0	-1


-------------------------------------------------------------------------------------------------------------------
Tour_Id:                	14
No_of_Customers:        	3
No_of_Items:            	23
Customer_Sequence:      	14 9 31

CustId	Id	TypeId	Rotated	x	y	z	Length	Width	Height	mass	Fragility	LoadBearingStrength
14	42	43	0	9781	444	730	3260	1540	460	1221	0	-1
14	43	44	0	9781	444	1190	3260	1540	460	1205	0	-1
14	44	45	0	9781	444	1650	3260	1540	460	1205	0	-1
31	171	172	0	120	67	0	2230	1155	730	846	0	-1
31	172	173	0	2350	1207	0	2230	1155	730	846	0	-1
31	162	163	0	120	1222	0	2230	1140	730	883	0	-1
31	163	164	0	2350	67	0	2230	1140	730	883	0	-1
31	173	174	0	4580	1207	0	2230	1155	730	853	0	-1
31	174	175	0	6810	1207	0	2230	1155	730	853	0	-1
31	164	165	0	4580	67	0	2230	1140	730	865	0	-1
31	165	166	0	6810	67	0	2230	1140	730	865	0	-1
31	175	176	0	9040	1207	0	2230	1155	730	869	0	-1
31	176	177	0	11270	1207	0	2230	1155	730	869	0	-1
31	166	167	0	9040	67	0	2230	1140	730	902	0	-1
31	167	168	0	11270	67	0	2230	1140	730	855	0	-1
31	168	169	0	1876	74	730	2230	1140	730	865	0	-1
31	169	170	0	1876	1214	730	2230	1140	730	865	0	-1
31	170	171	0	1876	644	1460	2230	1140	730	912	0	-1
14	233	234	0	4026	269	2370	4610	1975	180	687	0	-1
9	47	48	0	4106	447	1550	2225	1620	820	1051	0	-1
9	48	49	0	6331	447	1550	2225	1620	820	1051	0	-1
9	237	238	0	4106	267	730	5675	1980	410	2066	0	-1
9	238	239	0	4106	267	1140	5675	1980	410	2066	0	-1


-------------------------------------------------------------------------------------------------------------------
Tour_Id:                	15
No_of_Customers:        	2
No_of_Items:            	7
Customer_Sequence:      	23 15

CustId	Id	TypeId	Rotated	x	y	z	Length	Width	Height	mass	Fragility	LoadBearingStrength
23	119	120	0	3250	130	1920	5600	2190	610	4150	0	-1
23	117	118	0	8850	45	0	4650	2360	300	1426	0	-1
23	118	119	0	8850	363	300	3248	1723	650	1755	0	-1
15	180	181	0	3105	105	0	5745	2240	480	3431	0	-1
15	181	182	0	3105	105	480	5745	2240	480	3431	0	-1
15	182	183	0	3105	105	960	5745	2240	480	3454	0	-1
15	183	184	0	3105	105	1440	5745	2240	480	3523	0	-1


