Name:                   	S60_360T
Problem:                	3L-CVRP
Number_of_used_Vehicles:	15
Total_Travel_Distance:  	54999469
Calculation_Time:       	-1
Total_Iterations:       	-1
ConstraintSet:          	UNKNOWN

-------------------------------------------------------------------------------------------------------------------
Tour_Id:                	1
No_of_Customers:        	3
No_of_Items:            	20
Customer_Sequence:      	18 16 17

CustId	Id	TypeId	Rotated	x	y	z	Length	Width	Height	mass	Fragility	LoadBearingStrength
17	96	97	0	1133	344	0	3055	880	750	906	0	-1
17	97	98	0	1133	344	750	3055	880	750	906	0	-1
17	98	99	0	1133	1224	0	3055	880	750	906	0	-1
17	99	100	0	1133	1224	750	3055	880	750	924	0	-1
16	124	125	0	1293	144	1500	2895	2160	855	1829	0	-1
16	125	126	0	4188	145	0	2895	2160	855	1908	0	-1
16	126	127	0	4188	145	855	2895	2160	855	1818	0	-1
16	127	128	0	4188	145	1710	2895	2160	855	1705	0	-1
18	171	172	0	7083	65	0	2230	1160	730	1042	0	-1
18	172	173	0	7083	65	730	2230	1160	730	1013	0	-1
18	173	174	0	7083	1225	0	2230	1160	730	1042	0	-1
18	174	175	0	7083	1225	730	2230	1160	730	1040	0	-1
18	175	176	0	7083	65	1460	2230	1160	730	1067	0	-1
18	177	178	0	7083	1225	1460	2230	1160	730	1038	0	-1
18	178	179	0	9313	65	0	2230	1160	730	1098	0	-1
18	179	180	0	9313	66	730	2230	1160	730	1056	0	-1
18	182	183	0	9313	1225	0	2230	1160	730	1098	0	-1
18	176	177	0	9313	1226	730	2230	1155	730	1065	0	-1
18	180	181	0	9313	71	1460	2230	1155	730	1079	0	-1
18	181	182	0	9313	1226	1460	2230	1155	730	1068	0	-1


-------------------------------------------------------------------------------------------------------------------
Tour_Id:                	2
No_of_Customers:        	1
No_of_Items:            	17
Customer_Sequence:      	9

-------------------------------------------------------------------------------------------------------------------
Tour_Id:                	3
No_of_Customers:        	3
No_of_Items:            	17
Customer_Sequence:      	35 12 13

CustId	Id	TypeId	Rotated	x	y	z	Length	Width	Height	mass	Fragility	LoadBearingStrength
13	196	197	0	13	480	0	2650	1490	934	1714	0	-1
13	197	198	0	2663	480	0	2650	1490	934	1714	0	-1
13	198	199	0	5313	480	0	2650	1490	934	1705	0	-1
13	199	200	0	498	480	934	2650	1490	934	1705	0	-1
13	200	201	0	3148	480	934	2650	1490	934	1695	0	-1
13	195	196	0	1238	540	1868	2550	1370	710	1174	0	-1
13	2	3	0	3788	815	1868	2010	820	690	442	0	-1
12	58	59	0	5798	623	934	2165	1204	840	1077	0	-1
12	59	60	0	5798	623	1774	2165	1204	840	1077	0	-1
12	60	61	0	7963	21	0	2165	1204	840	1083	0	-1
12	61	62	0	10128	21	0	2165	1204	840	1094	0	-1
12	62	63	0	7963	1225	0	2165	1204	840	1098	0	-1
12	63	64	0	10128	1225	0	2165	1204	840	1080	0	-1
12	252	253	0	7963	115	840	3960	2220	730	2803	0	-1
12	64	65	1	12293	143	0	2165	1204	840	1125	0	-1
35	161	162	0	7963	147	1570	3245	2155	509	1265	0	-1
35	162	163	0	7963	147	2079	3245	2155	509	1256	0	-1


-------------------------------------------------------------------------------------------------------------------
Tour_Id:                	4
No_of_Customers:        	3
No_of_Items:            	15
Customer_Sequence:      	4 8 7

CustId	Id	TypeId	Rotated	x	y	z	Length	Width	Height	mass	Fragility	LoadBearingStrength
7	253	254	0	410	242	0	3260	1966	710	1841	0	-1
7	254	255	0	410	242	710	3260	1966	710	1810	0	-1
7	255	256	0	3670	242	0	3260	1966	710	1808	0	-1
7	256	257	0	3670	242	710	3260	1966	710	1808	0	-1
7	69	70	0	1170	450	1420	5760	1550	600	1954	0	-1
7	70	71	0	1170	450	2020	5760	1550	670	2180	0	-1
7	65	66	0	6930	250	0	4510	1950	510	1710	0	-1
7	66	67	0	6930	250	510	4510	1950	510	1750	0	-1
7	67	68	0	6930	250	1020	4510	1950	510	1750	0	-1
7	68	69	0	6930	250	1530	4510	1950	510	1710	0	-1
8	183	184	0	11440	207	0	2060	1015	985	949	0	-1
8	184	185	0	11440	1222	0	2060	1015	985	945	0	-1
8	185	186	0	11440	207	985	2060	1015	985	937	0	-1
8	186	187	0	11440	1222	985	2060	1015	985	961	0	-1
4	91	92	0	6930	305	2040	2390	1840	430	699	0	-1


-------------------------------------------------------------------------------------------------------------------
Tour_Id:                	5
No_of_Customers:        	2
No_of_Items:            	16
Customer_Sequence:      	33 19

CustId	Id	TypeId	Rotated	x	y	z	Length	Width	Height	mass	Fragility	LoadBearingStrength
19	231	232	0	720	140	0	4960	2170	600	2213	0	-1
19	32	33	0	1170	227	600	4510	1950	509	2478	0	-1
19	33	34	0	1170	227	1109	4510	1950	509	2478	0	-1
19	34	35	0	5680	450	0	5760	1550	600	2795	0	-1
19	35	36	0	5680	450	600	5760	1550	600	2795	0	-1
33	72	73	0	1560	227	1618	2060	1015	985	972	0	-1
33	73	74	0	3620	227	1618	2060	1015	985	1006	0	-1
33	74	75	0	1560	1242	1618	2060	1015	985	1030	0	-1
33	75	76	0	3620	1242	1618	2060	1015	985	1030	0	-1
33	76	77	0	7320	717	1200	2060	1015	985	1001	0	-1
33	77	78	0	9380	717	1200	2060	1015	985	1001	0	-1
33	71	72	0	9380	717	2185	2060	1015	410	416	0	-1
33	78	79	0	11440	207	0	2060	1015	985	980	0	-1
33	79	80	0	11440	207	985	2060	1015	985	980	0	-1
33	80	81	0	11440	1222	0	2060	1015	985	990	0	-1
33	81	82	0	11440	1222	985	2060	1015	985	990	0	-1


-------------------------------------------------------------------------------------------------------------------
Tour_Id:                	6
No_of_Customers:        	2
No_of_Items:            	17
Customer_Sequence:      	25 28

CustId	Id	TypeId	Rotated	x	y	z	Length	Width	Height	mass	Fragility	LoadBearingStrength
28	39	40	0	15	225	0	1945	1000	1050	1008	0	-1
28	40	41	0	15	1225	0	1945	1000	1050	998	0	-1
28	43	44	0	1960	225	909	1945	1000	1009	972	0	-1
28	44	45	0	1960	1225	909	1945	1000	1009	972	0	-1
28	41	42	0	15	225	1050	1945	1000	1050	1009	0	-1
28	42	43	0	15	1225	1050	1945	1000	1050	1016	0	-1
28	243	244	0	1960	135	0	5770	2180	509	3136	0	-1
28	244	245	0	7730	135	0	5770	2180	509	3136	0	-1
28	241	242	0	1960	175	509	5490	2100	400	1979	0	-1
28	242	243	0	7450	175	509	5490	2100	400	1979	0	-1
25	201	202	0	10085	530	909	3150	1390	1070	2325	0	-1
25	3	4	0	3905	207	909	2060	1015	985	777	0	-1
25	4	5	0	5965	219	909	2060	1015	985	817	0	-1
25	5	6	0	8025	231	909	2060	1015	985	806	0	-1
25	6	7	0	3905	1222	909	2060	1015	985	785	0	-1
25	7	8	0	5965	1234	909	2060	1015	985	787	0	-1
25	8	9	0	8025	1246	909	2060	1015	985	743	0	-1


-------------------------------------------------------------------------------------------------------------------
Tour_Id:                	7
No_of_Customers:        	2
No_of_Items:            	15
Customer_Sequence:      	34 21

CustId	Id	TypeId	Rotated	x	y	z	Length	Width	Height	mass	Fragility	LoadBearingStrength
21	130	131	0	0	590	0	2031	1270	1030	1048	0	-1
21	131	132	0	0	590	1030	2031	1270	1030	1048	0	-1
21	132	133	0	2031	590	0	2031	1270	1180	1186	0	-1
21	133	134	0	2031	590	1180	2031	1270	1180	1226	0	-1
21	134	135	0	4062	590	0	2031	1270	1180	1226	0	-1
21	135	136	0	4062	590	1180	2031	1270	1180	1188	0	-1
21	136	137	1	6093	145	0	2031	1270	1180	1245	0	-1
21	137	138	1	7363	145	0	2031	1270	1180	1245	0	-1
21	138	139	1	8633	145	0	2031	1270	1180	1216	0	-1
21	139	140	1	9903	145	0	2031	1270	1180	1216	0	-1
21	140	141	1	11173	145	0	2031	1270	1180	1207	0	-1
34	92	93	0	6093	108	1475	5940	2342	295	2498	0	-1
34	94	95	0	6093	144	1770	4920	2270	350	1808	0	-1
34	95	96	0	6093	144	2120	4920	2270	350	1808	0	-1
34	93	94	0	6093	216	1180	5660	1960	295	1923	0	-1


-------------------------------------------------------------------------------------------------------------------
Tour_Id:                	8
No_of_Customers:        	2
No_of_Items:            	18
Customer_Sequence:      	14 20

CustId	Id	TypeId	Rotated	x	y	z	Length	Width	Height	mass	Fragility	LoadBearingStrength
14	18	19	0	5369	95	1460	2310	2260	430	1161	0	-1
14	216	217	0	7679	90	730	4920	2270	540	3429	0	-1
20	100	101	0	0	63	0	2230	1155	730	1068	0	-1
20	101	102	0	0	1218	0	2230	1155	730	1095	0	-1
20	102	103	0	2230	70	0	2230	1155	730	1095	0	-1
20	103	104	0	2230	1225	0	2230	1155	730	1070	0	-1
20	104	105	0	4460	70	0	2230	1155	730	1064	0	-1
20	105	106	0	4460	1225	0	2230	1155	730	1063	0	-1
20	106	107	0	6690	70	0	2230	1155	730	1069	0	-1
20	107	108	0	6690	1225	0	2230	1155	730	1069	0	-1
20	108	109	0	8920	70	0	2230	1155	730	1063	0	-1
20	109	110	0	8920	1225	0	2230	1155	730	1063	0	-1
20	110	111	0	11150	70	0	2230	1155	730	1080	0	-1
20	111	112	0	11150	1225	0	2230	1155	730	1071	0	-1
20	112	113	0	3219	70	730	2230	1155	730	1071	0	-1
20	113	114	0	3219	1225	730	2230	1155	730	1093	0	-1
20	114	115	0	5449	70	730	2230	1155	730	1056	0	-1
20	115	116	0	5449	1225	730	2230	1155	730	1056	0	-1


-------------------------------------------------------------------------------------------------------------------
Tour_Id:                	9
No_of_Customers:        	2
No_of_Items:            	14
Customer_Sequence:      	31 37

CustId	Id	TypeId	Rotated	x	y	z	Length	Width	Height	mass	Fragility	LoadBearingStrength
31	218	219	0	5550	480	1265	2650	1490	1045	1670	0	-1
31	219	220	0	8200	480	1265	2650	1490	1045	1595	0	-1
31	220	221	0	10850	480	0	2650	1490	1045	1507	0	-1
31	221	222	0	10850	480	1045	2650	1490	1045	1544	0	-1
37	189	190	0	730	23	0	1980	1200	940	1126	0	-1
37	190	191	0	2710	29	0	1980	1200	940	1126	0	-1
37	191	192	0	730	1223	0	1980	1200	940	1135	0	-1
37	192	193	0	2710	1229	0	1980	1200	940	1126	0	-1
37	187	188	0	2710	29	940	1980	1200	800	915	0	-1
37	193	194	0	2710	29	1740	1980	1200	940	1155	0	-1
37	188	189	0	2710	1229	940	1980	1200	800	915	0	-1
37	194	195	0	2710	1229	1740	1980	1200	940	1116	0	-1
37	1	2	0	4690	40	0	6160	2370	620	3118	0	-1
37	0	1	0	4690	40	620	6160	2370	645	3377	0	-1


-------------------------------------------------------------------------------------------------------------------
Tour_Id:                	10
No_of_Customers:        	2
No_of_Items:            	26
Customer_Sequence:      	15 29

CustId	Id	TypeId	Rotated	x	y	z	Length	Width	Height	mass	Fragility	LoadBearingStrength
29	46	47	0	880	84	0	2060	1060	730	846	0	-1
29	48	49	0	2940	84	0	2060	1060	730	856	0	-1
29	49	50	0	5000	84	0	2060	1060	730	879	0	-1
29	50	51	0	7060	84	0	2060	1060	730	868	0	-1
29	51	52	0	880	1288	730	2060	1060	730	868	0	-1
29	47	48	0	880	1144	0	2060	1080	730	865	0	-1
29	52	53	0	2940	1144	0	2060	1080	730	858	0	-1
29	53	54	0	5000	1144	0	2060	1080	730	892	0	-1
29	54	55	0	7060	1216	1330	2060	1080	730	886	0	-1
29	245	246	0	2625	84	730	2165	1204	710	717	0	-1
29	246	247	0	2625	84	1440	2165	1204	710	717	0	-1
29	247	248	0	4790	84	730	2165	1204	710	717	0	-1
29	248	249	0	6955	12	730	2165	1204	710	724	0	-1
29	249	250	0	4790	84	1440	2165	1204	710	724	0	-1
29	250	251	0	6955	12	1440	2165	1204	710	717	0	-1
29	251	252	0	7060	1144	0	2165	1204	710	731	0	-1
29	55	56	0	2940	1288	730	2060	1060	730	871	0	-1
29	56	57	0	5000	1288	730	2060	1060	730	903	0	-1
29	57	58	0	5000	1288	1460	2060	1060	730	903	0	-1
29	45	46	0	7060	1216	710	2060	1080	620	727	0	-1
15	14	15	0	9225	1015	0	1770	1300	1180	903	0	-1
15	15	16	0	9225	1015	1180	1770	1300	1180	903	0	-1
15	16	17	0	10995	1015	0	1770	1300	1180	903	0	-1
15	17	18	0	10995	1015	1180	1770	1300	1180	903	0	-1
15	214	215	0	9120	50	0	2190	965	1140	1146	0	-1
15	215	216	0	11310	50	0	2190	965	1140	1146	0	-1


-------------------------------------------------------------------------------------------------------------------
Tour_Id:                	11
No_of_Customers:        	3
No_of_Items:            	18
Customer_Sequence:      	10 30 27

CustId	Id	TypeId	Rotated	x	y	z	Length	Width	Height	mass	Fragility	LoadBearingStrength
30	117	118	0	980	923	1480	2060	1015	934	1009	0	-1
30	118	119	0	3040	692	740	2060	1015	934	979	0	-1
30	119	120	0	3040	692	1674	2060	1015	934	961	0	-1
30	120	121	0	7160	377	0	2060	1015	934	977	0	-1
30	121	122	0	9220	377	0	2060	1015	934	977	0	-1
30	122	123	0	7160	1392	0	2060	1015	934	1007	0	-1
30	123	124	0	9220	1392	0	2060	1015	934	1007	0	-1
30	116	117	0	5100	377	740	2060	1015	705	768	0	-1
10	84	85	0	5100	475	1445	2220	1090	1180	1449	0	-1
10	85	86	0	7320	712	1434	2220	1090	1180	1424	0	-1
10	86	87	0	11280	1222	0	2220	1090	1180	1487	0	-1
10	87	88	0	11280	132	0	2220	1090	1180	1461	0	-1
10	83	84	0	11280	677	1180	2220	1090	1140	1451	0	-1
10	261	262	0	7180	512	934	3248	1723	500	1312	0	-1
27	170	171	0	970	377	740	2070	1645	740	1637	0	-1
27	169	170	0	5090	377	0	2070	1645	740	1629	0	-1
27	167	168	0	950	377	0	2070	1645	740	1594	0	-1
27	168	169	0	3020	377	0	2070	1645	740	1614	0	-1


-------------------------------------------------------------------------------------------------------------------
Tour_Id:                	12
No_of_Customers:        	2
No_of_Items:            	7
Customer_Sequence:      	33 32

CustId	Id	TypeId	Rotated	x	y	z	Length	Width	Height	mass	Fragility	LoadBearingStrength
33	258	259	0	7320	147	0	6180	2155	610	4289	0	-1
33	259	260	0	7320	147	610	6180	2155	610	4289	0	-1
33	257	258	0	2590	249	2128	4730	1950	480	2317	0	-1
32	36	37	0	2190	93	1038	5130	2265	480	2553	0	-1
32	232	233	0	2190	93	0	5130	2265	519	3171	0	-1
32	233	234	0	2190	93	519	5130	2265	519	3171	0	-1
32	37	38	0	2450	117	1518	4870	2215	610	2661	0	-1


-------------------------------------------------------------------------------------------------------------------
Tour_Id:                	13
No_of_Customers:        	4
No_of_Items:            	18
Customer_Sequence:      	31 24 23 22

CustId	Id	TypeId	Rotated	x	y	z	Length	Width	Height	mass	Fragility	LoadBearingStrength
31	21	22	0	4860	396	1720	5380	1490	135	635	0	-1
31	22	23	0	4860	396	1855	5380	1490	135	635	0	-1
31	23	24	0	4860	396	1990	5380	1490	425	2076	0	-1
22	151	152	0	9	590	0	2031	1270	1170	1113	0	-1
22	152	153	0	9	590	1170	2031	1270	1170	1113	0	-1
22	153	154	1	3340	256	0	2031	1270	1170	1178	0	-1
22	154	155	1	4610	256	0	2031	1270	1170	1093	0	-1
22	155	156	1	5880	256	0	2031	1270	1170	1121	0	-1
22	156	157	1	7150	256	0	2031	1270	1170	1108	0	-1
22	157	158	1	8420	256	0	2031	1270	1170	1108	0	-1
22	158	159	1	9690	256	0	2031	1270	1170	1088	0	-1
22	159	160	1	10960	256	0	2031	1270	1170	1105	0	-1
22	160	161	1	12230	256	0	2031	1270	1170	1141	0	-1
22	150	151	1	2040	256	0	1770	1300	1180	1016	0	-1
24	149	150	0	6790	256	1170	3270	2100	519	1418	0	-1
24	148	149	0	10060	256	1170	3270	2100	530	1486	0	-1
23	82	83	0	2040	436	1720	2820	1410	855	1768	0	-1
23	260	261	0	2040	326	1180	4750	1630	540	1584	0	-1


-------------------------------------------------------------------------------------------------------------------
Tour_Id:                	14
No_of_Customers:        	3
No_of_Items:            	14
Customer_Sequence:      	26 3 1

CustId	Id	TypeId	Rotated	x	y	z	Length	Width	Height	mass	Fragility	LoadBearingStrength
1	239	240	0	769	580	1541	2750	1290	855	1554	0	-1
1	240	241	0	3519	580	650	2750	1290	855	1554	0	-1
1	236	237	0	3519	110	0	2927	2230	650	2433	0	-1
1	237	238	0	6446	110	0	2927	2230	650	2429	0	-1
1	238	239	0	9373	110	0	2927	2230	650	2449	0	-1
1	234	235	0	229	395	0	3290	1660	533	1439	0	-1
1	235	236	0	229	395	533	3290	1660	533	1456	0	-1
3	128	129	0	6269	281	650	5270	1889	650	2913	0	-1
3	129	130	0	3579	590	1505	2690	1270	985	1386	0	-1
1	38	39	0	349	290	1066	3170	1870	475	1305	0	-1
26	165	166	1	12300	235	0	1980	1200	934	871	0	-1
26	166	167	1	12300	235	934	1980	1200	934	867	0	-1
26	163	164	0	6269	625	1300	1980	1200	934	858	0	-1
26	164	165	0	8249	625	1300	1980	1200	934	867	0	-1


-------------------------------------------------------------------------------------------------------------------
Tour_Id:                	15
No_of_Customers:        	2
No_of_Items:            	20
Customer_Sequence:      	11 36

CustId	Id	TypeId	Rotated	x	y	z	Length	Width	Height	mass	Fragility	LoadBearingStrength
36	144	145	0	768	340	530	3170	1870	533	1581	0	-1
36	145	146	0	3938	340	530	3170	1870	533	1595	0	-1
36	146	147	0	7108	340	530	3170	1870	533	1595	0	-1
36	141	142	0	648	100	0	3210	2350	530	1532	0	-1
36	142	143	0	3858	100	0	3210	2350	530	1532	0	-1
36	143	144	0	7068	100	0	3210	2350	530	1567	0	-1
36	147	148	0	990	430	1063	2745	1690	690	1427	0	-1
11	204	205	0	3735	515	1063	3200	1520	300	747	0	-1
11	205	206	0	6935	515	1063	3200	1520	300	747	0	-1
11	206	207	0	3735	515	1363	3200	1520	300	749	0	-1
11	207	208	0	6935	515	1363	3200	1520	300	723	0	-1
11	210	211	0	7043	575	1843	3365	1400	510	1201	0	-1
11	211	212	0	10135	335	1080	3365	1400	510	1201	0	-1
11	11	12	0	3795	414	1663	3248	1723	530	1367	0	-1
11	209	210	0	930	595	1753	2865	1360	430	964	0	-1
11	208	209	0	3843	515	2193	3200	1520	300	723	0	-1
11	9	10	0	10278	100	0	3078	2350	540	1544	0	-1
11	10	11	0	10278	100	540	3078	2350	540	1544	0	-1
11	202	203	0	3761	575	2493	3365	1400	180	427	0	-1
11	203	204	0	7043	575	1663	3365	1400	180	427	0	-1


