Name:                   	S70_384T
Problem:                	3L-CVRP
Number_of_used_Vehicles:	16
Total_Travel_Distance:  	67192318
Calculation_Time:       	-1
Total_Iterations:       	-1
ConstraintSet:          	UNKNOWN

-------------------------------------------------------------------------------------------------------------------
Tour_Id:                	1
No_of_Customers:        	1
No_of_Items:            	23
Customer_Sequence:      	4

-------------------------------------------------------------------------------------------------------------------
Tour_Id:                	2
No_of_Customers:        	2
No_of_Items:            	8
Customer_Sequence:      	22 20

CustId	Id	TypeId	Rotated	x	y	z	Length	Width	Height	mass	Fragility	LoadBearingStrength
20	153	154	0	517	105	0	5745	2240	480	3586	0	-1
20	154	155	0	517	105	480	5745	2240	480	3586	0	-1
20	155	156	0	6262	105	0	5745	2240	480	3538	0	-1
20	156	157	0	6262	105	480	5745	2240	480	3490	0	-1
20	0	1	0	3952	623	960	2310	1205	1070	1424	0	-1
20	157	158	0	6262	105	960	5745	2240	480	3490	0	-1
22	134	135	0	6262	410	1440	4750	1630	519	1573	0	-1
22	135	136	0	6262	410	1959	4750	1630	495	1650	0	-1


-------------------------------------------------------------------------------------------------------------------
Tour_Id:                	3
No_of_Customers:        	2
No_of_Items:            	22
Customer_Sequence:      	2 3

CustId	Id	TypeId	Rotated	x	y	z	Length	Width	Height	mass	Fragility	LoadBearingStrength
2	35	36	0	5527	376	1420	2260	1700	870	1666	0	-1
2	31	32	0	5527	376	710	2260	1700	710	1396	0	-1
2	32	33	0	7787	376	710	2260	1700	710	1396	0	-1
2	33	34	0	10047	376	710	2260	1700	710	1405	0	-1
2	34	35	0	10047	376	1420	2260	1700	710	1414	0	-1
2	36	37	0	7787	376	1420	2260	1700	870	1666	0	-1
3	147	148	0	8357	1226	0	1975	1200	710	814	0	-1
3	152	153	0	3552	1226	710	1975	1200	710	817	0	-1
3	151	152	0	1577	1226	710	1975	1200	710	817	0	-1
3	150	151	0	3552	26	710	1975	1200	710	829	0	-1
3	149	150	0	1577	26	710	1975	1200	710	829	0	-1
3	148	149	0	10332	1226	0	1975	1200	710	821	0	-1
3	146	147	0	6382	1226	0	1975	1200	710	801	0	-1
3	145	146	0	10332	26	0	1975	1200	710	803	0	-1
3	144	145	0	8357	26	0	1975	1200	710	803	0	-1
3	143	144	0	6382	26	0	1975	1200	710	819	0	-1
3	142	143	0	4407	1226	0	1975	1200	710	819	0	-1
3	141	142	0	2432	1226	0	1975	1200	710	804	0	-1
3	140	141	0	457	1226	0	1975	1200	710	793	0	-1
3	139	140	0	4407	26	0	1975	1200	710	793	0	-1
3	138	139	0	2432	26	0	1975	1200	710	837	0	-1
3	137	138	0	457	26	0	1975	1200	710	809	0	-1


-------------------------------------------------------------------------------------------------------------------
Tour_Id:                	4
No_of_Customers:        	2
No_of_Items:            	17
Customer_Sequence:      	25 23

CustId	Id	TypeId	Rotated	x	y	z	Length	Width	Height	mass	Fragility	LoadBearingStrength
23	54	55	0	2974	210	0	2060	1015	985	1045	0	-1
23	55	56	0	2974	1225	0	2060	1015	985	1045	0	-1
23	212	213	0	404	485	0	2380	1480	520	631	0	-1
23	213	214	0	404	485	520	2380	1480	520	631	0	-1
23	214	215	0	2974	485	1970	2380	1480	520	638	0	-1
23	56	57	0	2974	210	985	2060	1015	985	1003	0	-1
23	57	58	0	2974	1225	985	2060	1015	985	1007	0	-1
23	58	59	0	5034	1435	0	2060	1015	985	1004	0	-1
23	215	216	0	404	515	1040	2570	1420	1160	1729	0	-1
23	216	217	0	5034	15	0	2570	1420	1160	1729	0	-1
25	29	30	0	7764	480	1550	2650	1490	934	2115	0	-1
25	30	31	0	10414	480	1550	2650	1490	934	2115	0	-1
25	184	185	0	5034	0	1160	2730	1700	775	1505	0	-1
25	185	186	0	7604	375	0	2730	1700	775	1510	0	-1
25	186	187	0	10334	375	0	2730	1700	775	1479	0	-1
25	187	188	0	7764	375	775	2730	1700	775	1506	0	-1
25	188	189	0	10494	375	775	2730	1700	775	1506	0	-1


-------------------------------------------------------------------------------------------------------------------
Tour_Id:                	5
No_of_Customers:        	3
No_of_Items:            	14
Customer_Sequence:      	6 35 10

CustId	Id	TypeId	Rotated	x	y	z	Length	Width	Height	mass	Fragility	LoadBearingStrength
6	46	47	0	8433	61	530	4675	2385	340	2118	0	-1
6	47	48	0	8433	61	870	4675	2385	340	2118	0	-1
6	200	201	0	8433	148	1210	4620	2210	540	2455	0	-1
6	43	44	0	1503	395	1868	5550	1660	250	1177	0	-1
6	44	45	0	1503	395	2118	5550	1660	250	1177	0	-1
6	45	46	0	1503	395	2368	5550	1660	250	1177	0	-1
35	99	100	0	8433	126	0	4425	2020	530	2100	0	-1
10	101	102	0	63	505	0	2310	1440	934	1565	0	-1
10	102	103	0	2373	505	0	2310	1440	934	1560	0	-1
10	103	104	0	4683	505	0	2310	1440	934	1560	0	-1
10	104	105	0	1503	505	934	2310	1440	934	1540	0	-1
10	105	106	0	3813	505	934	2310	1440	934	1549	0	-1
10	106	107	0	6123	505	934	2310	1440	934	1640	0	-1
10	107	108	1	6993	70	0	2310	1440	934	1640	0	-1


-------------------------------------------------------------------------------------------------------------------
Tour_Id:                	6
No_of_Customers:        	2
No_of_Items:            	16
Customer_Sequence:      	12 14

CustId	Id	TypeId	Rotated	x	y	z	Length	Width	Height	mass	Fragility	LoadBearingStrength
12	74	75	0	10098	175	0	3140	1029	730	1481	0	-1
12	75	76	0	10098	1204	0	3140	1029	730	1494	0	-1
12	76	77	0	9928	175	730	3140	1029	730	1494	0	-1
12	77	78	0	9928	1204	730	3140	1029	730	1478	0	-1
12	237	238	0	3368	236	1190	2060	1015	1070	782	0	-1
12	238	239	0	5428	236	1190	2060	1015	1070	777	0	-1
12	239	240	0	3368	1251	1190	2060	1015	1070	777	0	-1
12	240	241	0	5428	1251	1190	2060	1015	1070	793	0	-1
12	78	79	0	9928	690	1460	3140	1029	730	1472	0	-1
14	23	24	0	8	387	0	3340	1675	740	1948	0	-1
14	27	28	0	608	355	740	2740	1740	710	1534	0	-1
14	24	25	0	588	475	1450	2780	1500	855	1690	0	-1
14	25	26	0	3348	175	0	3375	2130	710	2422	0	-1
14	26	27	0	6723	175	0	3375	2130	710	2422	0	-1
14	21	22	0	3348	236	710	3290	1980	480	1501	0	-1
14	22	23	0	6638	236	710	3290	1980	480	1501	0	-1


-------------------------------------------------------------------------------------------------------------------
Tour_Id:                	7
No_of_Customers:        	3
No_of_Items:            	9
Customer_Sequence:      	36 30 32

CustId	Id	TypeId	Rotated	x	y	z	Length	Width	Height	mass	Fragility	LoadBearingStrength
30	87	88	0	3142	515	0	2915	1420	1140	2442	0	-1
30	262	263	0	3022	730	1140	3156	990	580	648	0	-1
32	60	61	0	0	265	0	3142	1920	519	1666	0	-1
32	59	60	0	507	255	519	2635	1940	430	1221	0	-1
36	171	172	0	6178	105	1060	5745	2240	480	3411	0	-1
36	172	173	0	6178	105	1540	5745	2240	480	3411	0	-1
36	173	174	0	6178	105	2020	5745	2240	480	3449	0	-1
36	174	175	0	6057	105	0	5745	2240	530	3682	0	-1
36	175	176	0	6057	105	530	5745	2240	530	3682	0	-1


-------------------------------------------------------------------------------------------------------------------
Tour_Id:                	8
No_of_Customers:        	2
No_of_Items:            	15
Customer_Sequence:      	29 31

CustId	Id	TypeId	Rotated	x	y	z	Length	Width	Height	mass	Fragility	LoadBearingStrength
29	208	209	0	9190	677	1140	2020	1097	1180	1189	0	-1
29	209	210	0	11230	137	0	2020	1097	1180	1189	0	-1
29	210	211	0	11230	1234	0	2020	1097	1180	1189	0	-1
29	211	212	0	11230	137	1180	2020	1097	1180	1189	0	-1
29	206	207	0	420	266	610	2345	1335	1180	1652	0	-1
29	207	208	0	2765	266	610	2345	1335	1180	1652	0	-1
29	204	205	0	1090	1601	610	2010	820	934	625	0	-1
29	205	206	0	3100	1601	610	2010	820	934	632	0	-1
29	52	53	0	5110	480	0	2040	1490	1180	2085	0	-1
29	53	54	0	7150	480	0	2040	1490	1180	2178	0	-1
29	51	52	0	9190	480	0	2040	1490	1140	2230	0	-1
29	50	51	0	420	189	1790	2040	1490	495	944	0	-1
29	202	203	0	7230	665	1180	1960	1120	1030	1072	0	-1
29	203	204	0	11230	1234	1180	1960	1120	1050	1091	0	-1
31	100	101	0	0	221	0	5110	2200	610	2566	0	-1


-------------------------------------------------------------------------------------------------------------------
Tour_Id:                	9
No_of_Customers:        	2
No_of_Items:            	11
Customer_Sequence:      	33 34

CustId	Id	TypeId	Rotated	x	y	z	Length	Width	Height	mass	Fragility	LoadBearingStrength
34	242	243	0	1320	350	0	3290	1750	781	3177	0	-1
34	243	244	0	1320	350	781	3290	1750	781	3177	0	-1
34	244	245	0	4610	350	0	3290	1750	781	3162	0	-1
34	245	246	0	4610	350	781	3290	1750	781	3184	0	-1
34	241	242	0	7900	464	610	2895	1523	600	1824	0	-1
33	246	247	0	7900	495	1210	2230	1460	640	866	0	-1
33	248	249	0	1630	625	1562	2090	1200	885	942	0	-1
33	249	250	0	3720	625	1562	2090	1200	885	942	0	-1
33	250	251	0	5810	625	1562	2090	1200	885	932	0	-1
33	247	248	0	7900	495	1850	2230	1460	640	866	0	-1
34	79	80	0	7900	131	0	5600	2190	610	3084	0	-1


-------------------------------------------------------------------------------------------------------------------
Tour_Id:                	10
No_of_Customers:        	2
No_of_Items:            	16
Customer_Sequence:      	21 32

CustId	Id	TypeId	Rotated	x	y	z	Length	Width	Height	mass	Fragility	LoadBearingStrength
21	83	84	0	6124	85	0	6580	2280	425	3020	0	-1
21	84	85	0	6124	85	425	6580	2280	425	3035	0	-1
21	85	86	0	6124	85	850	6580	2280	425	3073	0	-1
21	86	87	0	6124	85	1275	6580	2280	425	3029	0	-1
21	81	82	0	6124	85	1700	6580	2280	120	892	0	-1
21	82	83	0	6124	85	1820	6580	2280	120	893	0	-1
32	219	220	0	289	725	0	1945	1000	1160	1055	0	-1
32	220	221	0	2234	1235	0	1945	1000	1160	1055	0	-1
32	221	222	0	289	725	1160	1945	1000	1160	1084	0	-1
32	222	223	0	2234	1235	1160	1945	1000	1160	1104	0	-1
32	217	218	0	4179	146	0	1945	1000	740	697	0	-1
32	223	224	0	2234	235	0	1945	1000	1160	1104	0	-1
32	218	219	0	4179	146	740	1945	1000	740	697	0	-1
32	224	225	0	4179	1146	0	1945	1000	1160	1084	0	-1
32	226	227	0	4179	1146	1160	1945	1000	934	833	0	-1
32	225	226	0	2234	235	1160	1945	1000	1160	1143	0	-1


-------------------------------------------------------------------------------------------------------------------
Tour_Id:                	11
No_of_Customers:        	2
No_of_Items:            	24
Customer_Sequence:      	21 5

CustId	Id	TypeId	Rotated	x	y	z	Length	Width	Height	mass	Fragility	LoadBearingStrength
21	251	252	0	6840	91	820	2220	1098	696	658	0	-1
21	252	253	0	9060	86	820	2220	1098	696	658	0	-1
21	253	254	0	11280	83	820	2220	1098	696	651	0	-1
21	254	255	0	6840	1189	820	2220	1098	696	651	0	-1
21	255	256	0	9060	1184	820	2220	1098	696	666	0	-1
21	256	257	0	11280	1181	820	2220	1098	696	666	0	-1
21	257	258	0	2510	42	1655	2165	1204	840	817	0	-1
21	258	259	0	2510	1246	1655	2165	1204	840	822	0	-1
21	259	260	0	4675	42	1230	2165	1204	840	798	0	-1
21	260	261	0	4675	1246	1230	2165	1204	840	798	0	-1
21	261	262	0	6840	587	1516	2165	1204	840	803	0	-1
5	108	109	0	225	42	0	2655	2290	410	1097	0	-1
5	109	110	0	225	42	410	2655	2290	410	1097	0	-1
5	110	111	0	2880	42	0	2655	2290	410	1097	0	-1
5	111	112	0	2880	42	410	2655	2290	410	1097	0	-1
5	112	113	0	5535	42	0	2655	2290	410	1106	0	-1
5	113	114	0	5535	42	410	2655	2290	410	1106	0	-1
5	114	115	0	8190	42	0	2655	2290	410	1097	0	-1
5	115	116	0	8190	42	410	2655	2290	410	1097	0	-1
5	116	117	0	10845	42	0	2655	2290	410	1106	0	-1
5	117	118	0	10845	42	410	2655	2290	410	1106	0	-1
5	118	119	0	1530	42	820	2655	2290	410	1106	0	-1
5	119	120	0	4185	42	820	2655	2290	410	1106	0	-1
5	120	121	0	2020	42	1230	2655	2290	425	1099	0	-1


-------------------------------------------------------------------------------------------------------------------
Tour_Id:                	12
No_of_Customers:        	4
No_of_Items:            	15
Customer_Sequence:      	27 28 18 26

CustId	Id	TypeId	Rotated	x	y	z	Length	Width	Height	mass	Fragility	LoadBearingStrength
27	179	180	0	7333	67	745	2330	1190	750	842	0	-1
27	180	181	0	9663	67	745	2330	1190	750	842	0	-1
27	181	182	0	7333	1257	745	2330	1190	750	821	0	-1
27	182	183	0	9663	1257	745	2330	1190	750	821	0	-1
27	183	184	0	7333	517	1495	2520	1480	840	1237	0	-1
26	88	89	0	1597	135	0	2868	2180	696	2282	0	-1
26	89	90	0	4465	135	0	2868	2180	696	2282	0	-1
26	90	91	0	1597	135	696	2868	2180	696	2245	0	-1
26	91	92	0	4465	135	696	2868	2180	696	2257	0	-1
18	98	99	0	7333	67	0	5380	2290	480	3812	0	-1
27	28	29	0	7333	67	480	5745	2240	265	1903	0	-1
28	92	93	0	3213	213	1392	2060	1015	985	932	0	-1
28	93	94	0	3213	1228	1392	2060	1015	985	921	0	-1
28	94	95	0	5273	213	1392	2060	1015	940	876	0	-1
28	95	96	0	5273	1228	1392	2060	1015	940	867	0	-1


-------------------------------------------------------------------------------------------------------------------
Tour_Id:                	13
No_of_Customers:        	2
No_of_Items:            	16
Customer_Sequence:      	36 7

CustId	Id	TypeId	Rotated	x	y	z	Length	Width	Height	mass	Fragility	LoadBearingStrength
36	7	8	0	510	623	1480	2165	1204	710	876	0	-1
36	8	9	0	2675	623	1480	2165	1204	710	884	0	-1
36	9	10	0	4840	623	1480	2165	1204	710	884	0	-1
36	10	11	0	7005	623	1480	2165	1204	710	893	0	-1
36	11	12	0	9170	26	0	2165	1204	710	879	0	-1
36	12	13	0	9170	1230	0	2165	1204	710	879	0	-1
36	13	14	0	11335	23	0	2165	1204	710	895	0	-1
36	14	15	0	11335	1227	0	2165	1204	710	890	0	-1
36	15	16	0	9170	26	710	2165	1204	710	906	0	-1
36	16	17	0	9170	1230	710	2165	1204	710	879	0	-1
7	37	38	0	485	145	0	2895	2160	740	2196	0	-1
7	38	39	0	485	145	740	2895	2160	740	2196	0	-1
7	39	40	0	3380	145	0	2895	2160	740	2095	0	-1
7	40	41	0	6275	145	0	2895	2160	740	2143	0	-1
7	41	42	0	3380	145	740	2895	2160	740	2143	0	-1
7	42	43	0	6275	145	740	2895	2160	740	2121	0	-1


-------------------------------------------------------------------------------------------------------------------
Tour_Id:                	14
No_of_Customers:        	4
No_of_Items:            	9
Customer_Sequence:      	15 7 8 16

CustId	Id	TypeId	Rotated	x	y	z	Length	Width	Height	mass	Fragility	LoadBearingStrength
7	198	199	0	2846	205	1038	3792	2040	410	1398	0	-1
7	199	200	0	6638	205	1038	3792	2040	410	1398	0	-1
15	129	130	0	2846	205	1448	6195	2040	519	2909	0	-1
8	121	122	0	2846	93	0	5130	2265	519	3741	0	-1
8	122	123	0	7976	93	0	5130	2265	519	3741	0	-1
8	123	124	0	2846	93	519	5130	2265	519	3136	0	-1
8	124	125	0	7976	93	519	5130	2265	519	3136	0	-1
16	96	97	0	656	258	0	2190	965	934	931	0	-1
16	97	98	0	656	1223	0	2190	965	934	940	0	-1


-------------------------------------------------------------------------------------------------------------------
Tour_Id:                	15
No_of_Customers:        	3
No_of_Items:            	15
Customer_Sequence:      	33 9 14

CustId	Id	TypeId	Rotated	x	y	z	Length	Width	Height	mass	Fragility	LoadBearingStrength
9	1	2	0	2380	10	509	3500	2440	509	2365	0	-1
9	158	159	0	349	590	1180	2031	1270	1180	1406	0	-1
9	159	160	1	2380	214	1018	2031	1270	1180	1389	0	-1
9	160	161	0	3650	595	1018	2031	1270	1180	1408	0	-1
9	161	162	1	5880	209	0	2031	1270	1180	1408	0	-1
9	162	163	1	7150	209	0	2031	1270	1180	1439	0	-1
9	163	164	1	8420	209	0	2031	1270	1180	1439	0	-1
9	164	165	1	9690	209	0	2031	1270	1180	1408	0	-1
9	165	166	1	10960	209	0	2031	1270	1180	1398	0	-1
9	166	167	1	12230	209	0	2031	1270	1180	1398	0	-1
9	167	168	1	5880	209	1180	2031	1270	1180	1413	0	-1
9	168	169	1	7150	209	1180	2031	1270	1180	1414	0	-1
14	177	178	0	2380	20	0	3160	2090	509	1665	0	-1
14	178	179	0	5	525	0	2375	1400	1180	1704	0	-1
33	80	81	0	8420	85	1180	4375	2280	509	2470	0	-1


-------------------------------------------------------------------------------------------------------------------
Tour_Id:                	16
No_of_Customers:        	3
No_of_Items:            	17
Customer_Sequence:      	2 13 11

CustId	Id	TypeId	Rotated	x	y	z	Length	Width	Height	mass	Fragility	LoadBearingStrength
2	189	190	0	8140	42	960	2165	1204	710	791	0	-1
2	190	191	0	8140	1246	960	2165	1204	710	765	0	-1
2	191	192	0	8140	42	1670	2165	1204	710	765	0	-1
2	192	193	0	8140	1246	1670	2165	1204	710	771	0	-1
2	193	194	0	11335	17	0	2165	1204	710	768	0	-1
2	194	195	0	11335	1221	0	2165	1204	710	789	0	-1
2	195	196	0	11335	17	710	2165	1204	710	765	0	-1
2	196	197	0	11335	1221	710	2165	1204	710	771	0	-1
2	197	198	0	11335	619	1420	2165	1204	710	771	0	-1
11	169	170	0	5590	42	0	5745	2240	480	2741	0	-1
11	170	171	0	5590	42	480	5745	2240	480	2759	0	-1
13	136	137	0	5590	162	960	2550	2000	1180	2913	0	-1
11	2	3	1	258	209	0	2031	1270	1180	1634	0	-1
11	3	4	0	1528	590	0	2031	1270	1180	1634	0	-1
11	4	5	0	1528	590	1180	2031	1270	1180	1603	0	-1
11	5	6	0	3559	590	0	2031	1270	1180	1603	0	-1
11	6	7	0	3559	590	1180	2031	1270	1180	1581	0	-1


