Name:                   	S80_408T
Problem:                	3L-CVRP
Number_of_used_Vehicles:	16
Total_Travel_Distance:  	67132547
Calculation_Time:       	-1
Total_Iterations:       	-1
ConstraintSet:          	UNKNOWN

-------------------------------------------------------------------------------------------------------------------
Tour_Id:                	1
No_of_Customers:        	1
No_of_Items:            	12
Customer_Sequence:      	10

-------------------------------------------------------------------------------------------------------------------
Tour_Id:                	2
No_of_Customers:        	2
No_of_Items:            	10
Customer_Sequence:      	37 20

CustId	Id	TypeId	Rotated	x	y	z	Length	Width	Height	mass	Fragility	LoadBearingStrength
20	172	173	0	2808	235	0	5220	1980	440	2989	0	-1
20	173	174	0	2808	235	440	5220	1980	440	2989	0	-1
20	170	171	0	2808	235	880	5220	1980	400	2682	0	-1
20	171	172	0	2808	235	1280	5220	1980	400	2682	0	-1
37	44	45	0	2808	245	1680	2736	1960	750	1854	0	-1
37	45	46	0	5544	245	1680	2736	1960	750	1854	0	-1
37	46	47	0	8028	245	0	2736	1960	710	1789	0	-1
37	47	48	0	8028	245	710	2736	1960	710	1760	0	-1
37	48	49	0	8280	245	1420	2736	1960	710	1760	0	-1
37	49	50	0	10764	245	0	2736	1960	696	1713	0	-1


-------------------------------------------------------------------------------------------------------------------
Tour_Id:                	3
No_of_Customers:        	2
No_of_Items:            	11
Customer_Sequence:      	38 17

CustId	Id	TypeId	Rotated	x	y	z	Length	Width	Height	mass	Fragility	LoadBearingStrength
17	203	204	0	0	717	0	2060	1015	1070	817	0	-1
17	204	205	0	0	717	1070	2060	1015	1070	836	0	-1
17	205	206	0	2060	717	0	2060	1015	1070	815	0	-1
17	206	207	0	2060	717	1070	2060	1015	1070	839	0	-1
17	207	208	0	4120	717	0	2060	1015	1070	813	0	-1
17	208	209	0	4120	717	1070	2060	1015	1070	854	0	-1
38	76	77	0	6180	105	0	5745	2240	610	3796	0	-1
38	77	78	0	6180	105	610	5745	2240	610	3752	0	-1
38	73	74	0	6180	105	1220	5745	2240	480	3195	0	-1
38	74	75	0	6180	105	1700	5745	2240	480	3124	0	-1
38	75	76	0	6180	105	2180	5745	2240	480	3124	0	-1


-------------------------------------------------------------------------------------------------------------------
Tour_Id:                	4
No_of_Customers:        	1
No_of_Items:            	17
Customer_Sequence:      	24

-------------------------------------------------------------------------------------------------------------------
Tour_Id:                	5
No_of_Customers:        	2
No_of_Items:            	12
Customer_Sequence:      	12 23

CustId	Id	TypeId	Rotated	x	y	z	Length	Width	Height	mass	Fragility	LoadBearingStrength
23	276	277	0	1164	405	0	3190	1640	800	2038	0	-1
23	277	278	0	1164	405	800	3190	1640	800	2038	0	-1
23	275	276	0	1164	405	1600	3190	1640	775	2060	0	-1
23	79	80	0	4354	135	0	2868	2180	710	1947	0	-1
23	80	81	0	7222	135	0	2868	2180	710	1947	0	-1
23	81	82	0	10090	135	0	2868	2180	710	1892	0	-1
23	78	79	0	4354	135	710	2868	2180	620	1613	0	-1
23	278	279	0	4354	405	1330	3190	1640	800	2142	0	-1
23	82	83	0	7544	135	710	2868	2180	710	1892	0	-1
23	83	84	0	10412	135	710	2868	2180	710	1853	0	-1
12	72	73	0	7544	140	1420	4960	2170	425	1545	0	-1
12	272	273	0	7544	75	1845	3290	2300	425	1259	0	-1


-------------------------------------------------------------------------------------------------------------------
Tour_Id:                	6
No_of_Customers:        	2
No_of_Items:            	29
Customer_Sequence:      	15 39

CustId	Id	TypeId	Rotated	x	y	z	Length	Width	Height	mass	Fragility	LoadBearingStrength
39	43	44	0	437	395	0	5550	1660	265	1523	0	-1
39	233	234	0	1987	385	265	2000	1680	425	801	0	-1
39	234	235	0	1987	385	690	2000	1680	425	791	0	-1
39	235	236	0	1987	385	1115	2000	1680	425	780	0	-1
39	236	237	0	1987	385	1540	2000	1680	425	780	0	-1
39	237	238	0	1987	385	1965	2000	1680	425	791	0	-1
39	238	239	0	3987	385	265	2000	1680	425	791	0	-1
39	239	240	0	3987	385	690	2000	1680	425	791	0	-1
39	240	241	0	3987	385	1115	2000	1680	425	791	0	-1
39	241	242	0	3987	385	1540	2000	1680	425	791	0	-1
39	242	243	0	3987	385	1965	2000	1680	425	791	0	-1
39	232	233	0	1987	385	2390	2000	1680	295	561	0	-1
39	245	246	0	5987	86	0	2240	1182	425	605	0	-1
39	246	247	0	8227	86	0	2240	1182	425	605	0	-1
39	247	248	0	10467	86	0	2240	1182	425	605	0	-1
39	248	249	0	5987	1268	0	2240	1182	425	605	0	-1
39	249	250	0	8227	1268	0	2240	1182	425	619	0	-1
39	250	251	0	10467	1268	0	2240	1182	425	605	0	-1
39	251	252	0	5987	86	425	2240	1182	425	605	0	-1
39	252	253	0	8227	86	425	2240	1182	425	605	0	-1
39	253	254	0	5987	1268	425	2240	1182	425	619	0	-1
39	254	255	0	8227	1268	425	2240	1182	425	605	0	-1
39	243	244	0	10467	86	425	2510	1065	425	643	0	-1
39	244	245	0	10467	1151	425	2510	1065	425	654	0	-1
39	255	256	0	5987	813	850	2460	910	533	655	0	-1
39	256	257	0	5987	813	1383	2460	910	533	655	0	-1
39	257	258	0	5987	813	1916	2460	910	533	655	0	-1
15	94	95	0	8447	41	850	3960	2220	730	2803	0	-1
15	291	292	0	8447	439	1580	2430	1425	985	1645	0	-1


-------------------------------------------------------------------------------------------------------------------
Tour_Id:                	7
No_of_Customers:        	2
No_of_Items:            	12
Customer_Sequence:      	34 33

CustId	Id	TypeId	Rotated	x	y	z	Length	Width	Height	mass	Fragility	LoadBearingStrength
33	7	8	0	395	135	0	3310	2180	710	1790	0	-1
33	8	9	0	475	360	710	3230	1730	696	1314	0	-1
33	223	224	0	1645	685	1406	2060	1080	730	914	0	-1
33	4	5	0	3705	210	0	2795	2030	800	1599	0	-1
33	5	6	0	6500	210	0	2795	2030	800	1607	0	-1
33	6	7	0	9295	210	0	2795	2030	800	1599	0	-1
33	3	4	0	3705	135	800	2868	2180	800	1771	0	-1
34	176	177	0	3705	135	1600	2868	2180	710	2256	0	-1
34	177	178	0	6573	135	800	2868	2180	710	2256	0	-1
34	178	179	0	9441	135	800	2868	2180	710	2291	0	-1
34	179	180	0	6573	135	1510	2868	2180	710	2291	0	-1
34	175	176	0	9441	155	1510	2695	2140	740	2187	0	-1


-------------------------------------------------------------------------------------------------------------------
Tour_Id:                	8
No_of_Customers:        	2
No_of_Items:            	14
Customer_Sequence:      	27 31

CustId	Id	TypeId	Rotated	x	y	z	Length	Width	Height	mass	Fragility	LoadBearingStrength
31	287	288	0	332	245	0	2736	1960	696	1691	0	-1
31	288	289	0	332	245	696	2736	1960	696	1691	0	-1
31	89	90	0	1028	480	1392	2040	1490	1050	1473	0	-1
31	90	91	0	3068	480	0	2040	1490	1050	1480	0	-1
31	91	92	0	3068	480	1050	2040	1490	1050	1480	0	-1
31	92	93	0	5108	480	0	2040	1490	1050	1412	0	-1
31	93	94	0	5108	480	1050	2040	1490	1050	1421	0	-1
31	289	290	0	7148	135	0	2868	2180	870	2413	0	-1
31	290	291	0	10016	135	0	2868	2180	870	2413	0	-1
27	118	119	0	4268	330	2100	2880	1790	570	1242	0	-1
27	119	120	0	7148	330	870	2880	1790	855	1867	0	-1
27	120	121	0	7148	330	1725	2880	1790	855	1781	0	-1
27	121	122	0	10028	330	870	2880	1790	855	1781	0	-1
27	122	123	0	10028	330	1725	2880	1790	855	1813	0	-1


-------------------------------------------------------------------------------------------------------------------
Tour_Id:                	9
No_of_Customers:        	2
No_of_Items:            	17
Customer_Sequence:      	26 32

CustId	Id	TypeId	Rotated	x	y	z	Length	Width	Height	mass	Fragility	LoadBearingStrength
32	88	89	0	486	319	0	4120	1750	781	2635	0	-1
32	279	280	0	486	687	781	2060	1015	934	885	0	-1
32	280	281	0	486	687	1715	2060	1015	934	878	0	-1
32	84	85	0	2546	274	781	2390	1840	530	958	0	-1
32	85	86	0	2546	274	1311	2390	1840	530	958	0	-1
32	281	282	0	4936	274	0	2060	1015	934	913	0	-1
32	282	283	0	4936	1289	0	2060	1015	934	913	0	-1
32	283	284	0	4936	274	934	2060	1015	934	855	0	-1
32	284	285	0	4936	1289	934	2060	1015	934	886	0	-1
32	86	87	0	6996	110	0	2927	2230	610	2183	0	-1
32	87	88	0	9923	110	0	2927	2230	610	2199	0	-1
32	285	286	0	6996	210	610	2060	1015	934	919	0	-1
32	286	287	0	6996	1225	610	2060	1015	934	919	0	-1
26	134	135	0	9056	157	610	3310	2135	640	1702	0	-1
26	135	136	0	9056	157	1250	3310	2135	640	1697	0	-1
26	136	137	0	9056	157	1890	3310	2135	640	1712	0	-1
26	137	138	0	2546	624	1868	4360	1140	670	1479	0	-1


-------------------------------------------------------------------------------------------------------------------
Tour_Id:                	10
No_of_Customers:        	3
No_of_Items:            	19
Customer_Sequence:      	38 21 22

CustId	Id	TypeId	Rotated	x	y	z	Length	Width	Height	mass	Fragility	LoadBearingStrength
22	129	130	0	295	175	0	5490	2100	510	2170	0	-1
22	130	131	0	5785	175	0	5490	2100	510	2170	0	-1
22	131	132	0	1275	175	510	5490	2100	510	2283	0	-1
22	127	128	0	1275	395	1020	5550	1660	250	1115	0	-1
22	128	129	0	1275	395	1270	5550	1660	250	1115	0	-1
22	132	133	0	2105	365	1520	4720	1720	540	1689	0	-1
22	133	134	0	2105	365	2060	4720	1720	540	1689	0	-1
21	155	156	0	6825	190	510	2225	1034	740	793	0	-1
21	156	157	0	6825	190	1250	2225	1034	740	793	0	-1
21	157	158	0	6825	1224	510	2225	1034	740	793	0	-1
21	158	159	0	6825	1224	1250	2225	1034	740	801	0	-1
21	159	160	0	9050	192	510	2225	1034	740	801	0	-1
21	160	161	0	9050	192	1250	2225	1034	740	793	0	-1
21	161	162	0	9050	1226	510	2225	1034	740	793	0	-1
21	162	163	0	9050	1226	1250	2225	1034	740	793	0	-1
21	163	164	0	11275	191	0	2225	1034	740	793	0	-1
21	164	165	0	11275	1225	0	2225	1034	740	793	0	-1
38	273	274	0	11275	210	740	2060	1015	985	785	0	-1
38	274	275	0	11275	1225	740	2060	1015	985	785	0	-1


-------------------------------------------------------------------------------------------------------------------
Tour_Id:                	11
No_of_Customers:        	3
No_of_Items:            	13
Customer_Sequence:      	16 2 29

CustId	Id	TypeId	Rotated	x	y	z	Length	Width	Height	mass	Fragility	LoadBearingStrength
29	148	149	0	860	55	0	2535	2340	509	1170	0	-1
29	149	150	0	860	55	509	2535	2340	509	1170	0	-1
29	150	151	0	3395	55	0	2535	2340	509	1184	0	-1
29	151	152	0	5930	55	0	2535	2340	509	1192	0	-1
29	152	153	0	3395	55	509	2535	2340	509	1184	0	-1
29	153	154	0	5930	55	509	2535	2340	509	1178	0	-1
2	102	103	0	2255	215	1018	6210	2020	519	2976	0	-1
2	103	104	0	8465	50	0	5035	2350	519	2807	0	-1
2	306	307	0	8465	185	519	3100	1040	781	1121	0	-1
2	307	308	0	8465	1225	519	3100	1040	781	1121	0	-1
16	125	126	0	2090	342	1537	6540	1765	330	2425	0	-1
16	124	125	0	2640	225	1867	5990	2000	320	2423	0	-1
16	126	127	0	2640	225	2187	5990	2000	380	2873	0	-1


-------------------------------------------------------------------------------------------------------------------
Tour_Id:                	12
No_of_Customers:        	2
No_of_Items:            	11
Customer_Sequence:      	8 9

CustId	Id	TypeId	Rotated	x	y	z	Length	Width	Height	mass	Fragility	LoadBearingStrength
8	269	270	0	7137	305	430	6040	1840	604	3080	0	-1
8	270	271	0	7147	305	1034	6030	1840	604	3029	0	-1
8	50	51	0	1722	383	1220	2925	1685	190	460	0	-1
8	51	52	0	2147	495	1410	2500	1460	740	1240	0	-1
8	52	53	0	4647	495	1220	2500	1460	740	1352	0	-1
8	53	54	0	4647	495	1960	2500	1460	740	1346	0	-1
8	54	55	0	7147	495	1638	2500	1460	740	1346	0	-1
9	225	226	0	1722	80	990	5230	2290	230	1930	0	-1
9	226	227	0	7137	300	0	6150	1850	430	3082	0	-1
9	227	228	0	1537	130	0	5600	2190	495	3408	0	-1
9	228	229	0	1537	130	495	5600	2190	495	3408	0	-1


-------------------------------------------------------------------------------------------------------------------
Tour_Id:                	13
No_of_Customers:        	2
No_of_Items:            	29
Customer_Sequence:      	37 19

CustId	Id	TypeId	Rotated	x	y	z	Length	Width	Height	mass	Fragility	LoadBearingStrength
19	55	56	0	4860	236	1770	2009	985	710	646	0	-1
19	61	62	0	842	502	580	2009	985	885	828	0	-1
19	62	63	0	842	502	1465	2009	985	885	815	0	-1
19	63	64	0	2851	769	580	2009	985	885	828	0	-1
19	64	65	0	2851	769	1465	2009	985	885	828	0	-1
19	65	66	0	4860	236	0	2009	985	885	815	0	-1
19	66	67	0	4860	236	885	2009	985	885	815	0	-1
19	67	68	0	4860	1221	0	2009	985	885	828	0	-1
19	68	69	0	4860	1221	885	2009	985	885	828	0	-1
19	56	57	0	4860	1221	1770	2009	985	710	656	0	-1
19	57	58	0	6869	241	0	2009	985	710	646	0	-1
19	58	59	0	6869	241	710	2009	985	710	646	0	-1
19	59	60	0	6869	1226	0	2009	985	710	646	0	-1
19	271	272	0	780	235	0	4080	1519	580	1698	0	-1
19	60	61	3	2851	1754	0	2009	985	696	656	0	-1
19	69	70	0	6869	1226	710	2009	985	700	666	0	-1
19	70	71	0	6869	241	1420	2009	985	700	666	0	-1
19	71	72	0	6869	1226	1410	2009	985	700	637	0	-1
37	258	259	0	8878	25	0	2165	1204	710	713	0	-1
37	259	260	0	8878	25	710	2165	1204	710	713	0	-1
37	260	261	0	8878	1229	0	2165	1204	710	698	0	-1
37	261	262	0	8878	1229	710	2165	1204	710	696	0	-1
37	262	263	0	8878	25	1420	2165	1204	710	710	0	-1
37	263	264	0	8878	1229	1420	2165	1204	710	711	0	-1
37	264	265	0	11043	1227	0	2165	1204	710	711	0	-1
37	265	266	0	11043	1227	710	2165	1204	710	717	0	-1
37	266	267	0	11043	23	0	2165	1204	710	720	0	-1
37	267	268	0	11043	23	710	2165	1204	710	718	0	-1
37	268	269	0	11043	625	1420	2165	1204	710	718	0	-1


-------------------------------------------------------------------------------------------------------------------
Tour_Id:                	14
No_of_Customers:        	3
No_of_Items:            	38
Customer_Sequence:      	36 5 6

CustId	Id	TypeId	Rotated	x	y	z	Length	Width	Height	mass	Fragility	LoadBearingStrength
6	308	309	0	1170	1263	0	2060	1060	730	743	0	-1
6	310	311	0	5230	135	0	2060	1080	730	759	0	-1
6	309	310	0	3230	1263	0	2060	1060	730	747	0	-1
6	311	312	0	5290	1215	0	2060	1060	730	745	0	-1
6	104	105	0	1170	88	0	2030	1175	710	745	0	-1
6	105	106	0	1170	88	710	2030	1175	710	744	0	-1
6	106	107	0	1170	88	1420	2030	1175	710	750	0	-1
6	107	108	0	3200	88	0	2030	1175	710	750	0	-1
6	108	109	0	3200	88	710	2030	1175	710	753	0	-1
6	109	110	0	3200	88	1420	2030	1175	710	745	0	-1
6	110	111	0	1230	1263	730	2030	1175	710	745	0	-1
6	111	112	0	1230	1263	1440	2030	1175	710	742	0	-1
6	112	113	0	3260	1263	730	2030	1175	710	742	0	-1
6	113	114	0	3260	1263	1440	2030	1175	710	748	0	-1
6	114	115	0	5230	88	730	2030	1175	710	748	0	-1
5	180	181	0	7350	20	0	5980	2410	430	2757	0	-1
36	182	183	0	3560	578	2285	1670	640	162	77	0	-1
36	183	184	0	7350	1003	430	1670	640	750	377	0	-1
36	181	182	0	3180	533	2130	2050	730	155	125	0	-1
36	184	185	0	7350	1643	430	1670	640	750	377	0	-1
36	185	186	0	9020	1003	430	1670	640	750	386	0	-1
36	186	187	0	10690	1003	430	1670	640	750	377	0	-1
36	187	188	0	9020	1643	430	1670	640	750	377	0	-1
36	188	189	0	10690	1643	430	1670	640	750	386	0	-1
36	189	190	0	7350	638	1180	1670	640	750	386	0	-1
36	190	191	0	7350	1278	1180	1670	640	750	386	0	-1
36	191	192	0	9020	1003	1180	1670	640	750	386	0	-1
36	192	193	0	10690	1003	1180	1670	640	750	386	0	-1
36	195	196	0	5290	1263	730	2050	730	750	558	0	-1
36	196	197	0	5290	1263	1480	2050	730	750	558	0	-1
36	197	198	0	5230	533	1440	2050	730	750	558	0	-1
36	198	199	0	7350	273	430	2050	730	750	558	0	-1
36	199	200	0	9400	273	430	2050	730	750	558	0	-1
36	200	201	0	11450	273	430	2050	730	750	558	0	-1
36	201	202	0	9400	273	1180	2050	730	750	558	0	-1
36	202	203	0	11450	273	1180	2050	730	750	558	0	-1
36	193	194	0	9020	1643	1180	1670	640	750	386	0	-1
36	194	195	0	10690	1643	1180	1670	640	750	386	0	-1


-------------------------------------------------------------------------------------------------------------------
Tour_Id:                	15
No_of_Customers:        	2
No_of_Items:            	9
Customer_Sequence:      	30 7

CustId	Id	TypeId	Rotated	x	y	z	Length	Width	Height	mass	Fragility	LoadBearingStrength
7	11	12	0	3082	40	0	6170	2370	650	4296	0	-1
7	9	10	0	3082	40	650	6160	2370	650	4489	0	-1
7	10	11	0	3082	45	1300	6160	2360	650	4443	0	-1
7	224	225	0	3082	215	1950	6210	2020	519	3606	0	-1
30	165	166	0	9252	50	0	1980	1200	985	936	0	-1
30	166	167	0	9252	1250	0	1980	1200	985	936	0	-1
30	167	168	0	9292	50	985	1980	1200	985	936	0	-1
30	168	169	0	9292	1250	985	1980	1200	985	870	0	-1
30	169	170	0	11232	50	0	1980	1200	985	895	0	-1


-------------------------------------------------------------------------------------------------------------------
Tour_Id:                	16
No_of_Customers:        	3
No_of_Items:            	15
Customer_Sequence:      	18 9 11

CustId	Id	TypeId	Rotated	x	y	z	Length	Width	Height	mass	Fragility	LoadBearingStrength
18	123	124	0	10422	50	1170	3078	2350	509	1769	0	-1
9	14	15	0	7260	180	0	6240	2090	390	2756	0	-1
9	15	16	0	7260	180	390	6240	2090	390	2756	0	-1
9	16	17	0	7260	180	780	6240	2090	390	2758	0	-1
9	13	14	0	2125	589	1430	3340	1270	340	849	0	-1
9	17	18	0	2125	9	710	5135	2430	390	2697	0	-1
9	12	13	0	2125	372	1100	4900	1705	330	1652	0	-1
11	140	141	0	765	20	0	2165	1204	710	962	0	-1
11	141	142	0	2930	20	0	2165	1204	710	943	0	-1
11	142	143	0	5095	20	0	2165	1204	710	943	0	-1
11	143	144	0	765	1224	0	2165	1204	710	957	0	-1
11	144	145	0	2930	1224	0	2165	1204	710	962	0	-1
11	145	146	0	5095	1224	0	2165	1204	710	955	0	-1
11	146	147	1	921	141	710	2165	1204	710	952	0	-1
11	147	148	1	921	141	1420	2165	1204	710	952	0	-1


