Name:                   	S90_432T
Problem:                	3L-CVRP
Number_of_used_Vehicles:	18
Total_Travel_Distance:  	74726100
Calculation_Time:       	-1
Total_Iterations:       	-1
ConstraintSet:          	UNKNOWN

-------------------------------------------------------------------------------------------------------------------
Tour_Id:                	1
No_of_Customers:        	2
No_of_Items:            	14
Customer_Sequence:      	6 9

CustId	Id	TypeId	Rotated	x	y	z	Length	Width	Height	mass	Fragility	LoadBearingStrength
9	65	66	0	1165	80	0	5840	2210	610	3688	0	-1
9	66	67	0	1165	80	610	5840	2210	610	3688	0	-1
6	58	59	0	1095	40	1220	5980	2410	430	2578	0	-1
6	59	60	0	1095	40	1650	5980	2410	430	2542	0	-1
6	60	61	0	2690	80	2080	4385	2330	610	2192	0	-1
6	240	241	0	7005	22	0	2165	1204	840	1073	0	-1
6	241	242	0	9170	22	0	2165	1204	840	1030	0	-1
6	242	243	0	11335	22	0	2165	1204	840	1058	0	-1
6	243	244	0	7005	1226	0	2165	1204	840	1058	0	-1
6	244	245	0	9170	1226	0	2165	1204	840	1045	0	-1
6	245	246	0	11335	1226	0	2165	1204	840	1045	0	-1
6	57	58	0	7005	131	840	2960	2190	190	524	0	-1
6	61	62	0	7075	516	1030	2570	1420	900	1395	0	-1
6	246	247	0	9965	624	840	2165	1204	840	1076	0	-1


-------------------------------------------------------------------------------------------------------------------
Tour_Id:                	2
No_of_Customers:        	2
No_of_Items:            	15
Customer_Sequence:      	41 43

CustId	Id	TypeId	Rotated	x	y	z	Length	Width	Height	mass	Fragility	LoadBearingStrength
43	197	198	0	258	480	0	2040	1490	1140	1604	0	-1
43	198	199	0	2298	480	0	2040	1490	1140	1612	0	-1
43	199	200	0	4338	480	0	2040	1490	1140	1612	0	-1
43	200	201	0	258	480	1140	2040	1490	1140	1632	0	-1
43	201	202	0	2298	480	1140	2040	1490	1140	1632	0	-1
43	196	197	0	4338	480	1140	2040	1490	710	1005	0	-1
43	202	203	1	6378	205	0	2040	1490	1140	1642	0	-1
43	203	204	1	7868	205	0	2040	1490	1140	1636	0	-1
43	204	205	1	9358	205	0	2040	1490	1140	1614	0	-1
43	205	206	1	10848	205	0	2040	1490	1140	1631	0	-1
41	31	32	0	6378	135	1140	5770	2180	540	4755	0	-1
41	224	225	0	6378	284	1680	2880	1883	430	979	0	-1
41	221	222	0	6378	477	2110	2880	1495	430	781	0	-1
41	222	223	0	9258	477	1680	2880	1495	430	788	0	-1
41	223	224	0	9258	477	2110	2880	1495	430	788	0	-1


-------------------------------------------------------------------------------------------------------------------
Tour_Id:                	3
No_of_Customers:        	2
No_of_Items:            	19
Customer_Sequence:      	38 40

CustId	Id	TypeId	Rotated	x	y	z	Length	Width	Height	mass	Fragility	LoadBearingStrength
40	139	140	0	0	360	0	5000	1730	280	1381	0	-1
40	140	141	0	100	373	280	4900	1705	330	1539	0	-1
40	141	142	0	1660	590	610	3340	1270	495	1110	0	-1
40	142	143	0	1660	590	1105	3340	1270	495	1070	0	-1
40	143	144	0	1660	590	1600	3340	1270	495	1070	0	-1
38	247	248	0	5000	196	0	2060	1015	985	1023	0	-1
38	248	249	0	7060	201	0	2060	1015	985	1020	0	-1
38	249	250	0	9120	205	0	2060	1015	985	1026	0	-1
38	250	251	0	5000	1211	0	2060	1015	985	1032	0	-1
38	251	252	0	7060	1216	0	2060	1015	985	987	0	-1
38	252	253	0	9120	1220	0	2060	1015	985	987	0	-1
38	256	257	0	5000	196	985	2060	1015	940	964	0	-1
38	257	258	0	7060	201	985	2060	1015	940	955	0	-1
38	258	259	0	9120	205	985	2060	1015	940	960	0	-1
38	254	255	0	5000	1211	985	2060	1015	1045	1071	0	-1
38	255	256	0	7060	1216	985	2060	1015	1045	1056	0	-1
38	253	254	0	9120	1220	985	2060	1015	985	1039	0	-1
38	62	63	0	11180	245	0	2280	1960	750	1787	0	-1
38	63	64	0	11180	245	750	2280	1960	750	1804	0	-1


-------------------------------------------------------------------------------------------------------------------
Tour_Id:                	4
No_of_Customers:        	3
No_of_Items:            	19
Customer_Sequence:      	18 22 36

CustId	Id	TypeId	Rotated	x	y	z	Length	Width	Height	mass	Fragility	LoadBearingStrength
36	90	91	0	10	22	0	1980	1200	985	1155	0	-1
36	91	92	0	10	1222	0	1980	1200	985	1155	0	-1
36	92	93	0	1990	22	0	1980	1200	985	1111	0	-1
36	93	94	0	3970	22	0	1980	1200	985	1077	0	-1
36	94	95	0	1990	1222	0	1980	1200	985	1120	0	-1
36	95	96	0	3970	1222	0	1980	1200	985	1120	0	-1
36	292	293	0	1975	386	985	3975	1673	160	720	0	-1
36	88	89	0	1990	622	1145	1980	1200	885	1096	0	-1
36	89	90	0	3970	622	1145	1980	1200	885	1096	0	-1
22	226	227	0	5950	175	0	5490	2100	265	1438	0	-1
22	227	228	0	5950	175	265	5490	2100	509	2930	0	-1
22	228	229	0	5950	175	774	5490	2100	509	2828	0	-1
18	189	190	0	5950	212	1283	2060	1015	985	1021	0	-1
18	190	191	0	8010	212	1283	2060	1015	985	1021	0	-1
18	191	192	0	7320	1227	1283	2060	1015	985	1013	0	-1
18	192	193	0	9380	1227	1283	2060	1015	985	1013	0	-1
18	193	194	0	11440	1222	0	2060	1015	985	1015	0	-1
18	194	195	0	11440	207	0	2060	1015	985	997	0	-1
18	195	196	0	11440	714	985	2060	1015	985	1011	0	-1


-------------------------------------------------------------------------------------------------------------------
Tour_Id:                	5
No_of_Customers:        	2
No_of_Items:            	16
Customer_Sequence:      	29 34

CustId	Id	TypeId	Rotated	x	y	z	Length	Width	Height	mass	Fragility	LoadBearingStrength
34	73	74	0	0	395	0	5550	1660	265	1339	0	-1
34	266	267	0	210	552	265	2670	1345	390	616	0	-1
34	267	268	0	2880	552	265	2670	1345	390	616	0	-1
34	270	271	0	2930	495	655	2620	1460	696	1236	0	-1
34	268	269	0	2905	553	1351	2670	1345	390	646	0	-1
34	265	266	0	2905	570	1741	2470	1310	395	621	0	-1
34	269	270	0	2905	570	2136	2470	1310	475	737	0	-1
34	76	77	0	5550	80	0	5380	2290	530	4801	0	-1
34	77	78	0	5550	80	530	5380	2290	530	4801	0	-1
34	74	75	0	5670	110	1060	5260	2230	320	1907	0	-1
34	75	76	0	6010	90	1380	4920	2270	519	2419	0	-1
29	102	103	0	10930	1224	0	2165	1204	710	699	0	-1
29	103	104	0	10930	20	0	2165	1204	710	694	0	-1
29	100	101	0	10930	622	710	2165	1204	310	280	0	-1
29	101	102	0	10930	622	1020	2165	1204	580	559	0	-1
29	104	105	0	10930	622	1600	2165	1204	710	696	0	-1


-------------------------------------------------------------------------------------------------------------------
Tour_Id:                	6
No_of_Customers:        	1
No_of_Items:            	9
Customer_Sequence:      	12

-------------------------------------------------------------------------------------------------------------------
Tour_Id:                	7
No_of_Customers:        	3
No_of_Items:            	14
Customer_Sequence:      	22 11 10

CustId	Id	TypeId	Rotated	x	y	z	Length	Width	Height	mass	Fragility	LoadBearingStrength
10	96	97	0	1656	117	0	3212	2217	696	2633	0	-1
10	97	98	0	4868	117	0	3212	2217	696	2633	0	-1
10	98	99	0	1656	117	696	3212	2217	696	2596	0	-1
10	99	100	0	4868	117	696	3212	2217	696	2596	0	-1
11	67	68	0	1987	590	1392	2031	1270	1180	1150	0	-1
11	68	69	0	4018	590	1392	2031	1270	1180	1172	0	-1
11	69	70	0	6049	590	1392	2031	1270	1180	1172	0	-1
11	70	71	1	8080	34	0	2031	1270	1180	1168	0	-1
11	71	72	0	9350	34	0	2031	1270	1180	1145	0	-1
11	72	73	0	11381	34	0	2031	1270	1180	1207	0	-1
11	263	264	0	9350	1304	0	2020	1097	1180	1422	0	-1
11	264	265	0	11370	1304	0	2020	1097	1180	1381	0	-1
22	33	34	0	8080	61	1180	4610	1975	180	689	0	-1
22	34	35	0	8080	61	1360	4610	1975	180	689	0	-1


-------------------------------------------------------------------------------------------------------------------
Tour_Id:                	8
No_of_Customers:        	4
No_of_Items:            	11
Customer_Sequence:      	26 4 1 3

CustId	Id	TypeId	Rotated	x	y	z	Length	Width	Height	mass	Fragility	LoadBearingStrength
3	132	133	0	301	340	0	2600	1770	430	683	0	-1
3	133	134	0	301	340	430	2600	1770	430	676	0	-1
3	134	135	0	301	340	860	2600	1770	430	668	0	-1
3	135	136	0	301	340	1290	2600	1770	430	668	0	-1
1	151	152	0	2901	400	0	3750	1650	800	2505	0	-1
1	152	153	0	2901	400	800	3750	1650	800	2505	0	-1
1	150	151	0	2901	400	1600	3750	1650	855	2608	0	-1
4	137	138	0	6651	147	0	6180	2155	610	4289	0	-1
4	138	139	0	6651	147	610	6180	2155	610	4289	0	-1
4	136	137	0	6651	249	1220	4730	1950	480	2317	0	-1
26	81	82	0	6651	147	1700	3245	2155	509	1732	0	-1


-------------------------------------------------------------------------------------------------------------------
Tour_Id:                	9
No_of_Customers:        	3
No_of_Items:            	12
Customer_Sequence:      	44 23 24

CustId	Id	TypeId	Rotated	x	y	z	Length	Width	Height	mass	Fragility	LoadBearingStrength
23	47	48	0	1288	551	1480	2245	1348	1180	2130	0	-1
23	48	49	0	3533	551	1480	2245	1348	1180	2130	0	-1
23	49	50	1	8032	138	0	2245	1348	1180	2220	0	-1
23		230	231		3		10728	159	0	2690		1140	781	      1417	0	      -1
23	50	51	1	9380	138	0	2245	1348	1180	2205	0	-1
23	231	232	0	5787	625	0	2090	1200	885	1338	0	-1
23	43	44	0	1288	551	340	2245	1348	1140	2107	0	-1
23	44	45	0	3533	551	340	2245	1348	1140	2107	0	-1
23	45	46	0	5778	551	885	2245	1348	1140	2063	0	-1
23	46	47	0	10728	940	0	2245	1348	1140	2063	0	-1
44	168	169	0	8023	138	1180	4960	2170	425	2119	0	-1
24	144	145	0	512	350	0	5275	1750	340	1746	0	-1


-------------------------------------------------------------------------------------------------------------------
Tour_Id:                	10
No_of_Customers:        	3
No_of_Items:            	13
Customer_Sequence:      	26 42 35

CustId	Id	TypeId	Rotated	x	y	z	Length	Width	Height	mass	Fragility	LoadBearingStrength
42	80	81	0	3228	355	1585	2960	1740	530	1541	0	-1
42	280	281	0	6188	625	1045	1980	1200	1080	1351	0	-1
42	281	282	0	8168	17	0	1980	1200	1080	1351	0	-1
42	283	284	0	6188	1225	0	1980	1200	1045	1310	0	-1
42	284	285	0	6188	25	0	1980	1200	1045	1310	0	-1
42	282	283	0	8168	1217	0	1980	1200	1080	1409	0	-1
26	285	286	1	10199	208	0	2031	1270	1140	1554	0	-1
26	286	287	0	11469	588	0	2031	1270	1140	1542	0	-1
26	287	288	0	8168	582	1080	2031	1270	1180	1618	0	-1
26	288	289	0	10199	588	1140	2031	1270	1180	1618	0	-1
35	259	260	0	443	105	0	5745	2240	480	3631	0	-1
35	260	261	0	443	105	480	5745	2240	480	3331	0	-1
35	64	65	0	1838	467	960	4350	1515	625	2019	0	-1


-------------------------------------------------------------------------------------------------------------------
Tour_Id:                	11
No_of_Customers:        	2
No_of_Items:            	15
Customer_Sequence:      	14 17

CustId	Id	TypeId	Rotated	x	y	z	Length	Width	Height	mass	Fragility	LoadBearingStrength
14	24	25	0	3759	223	1570	2160	1010	730	729	0	-1
14	25	26	0	3759	1233	1570	2160	1010	730	707	0	-1
14	26	27	0	5919	207	1570	2160	1010	730	693	0	-1
14	27	28	0	5919	1217	1570	2160	1010	730	715	0	-1
14	28	29	0	8079	1331	0	2160	1010	730	722	0	-1
14	29	30	0	8079	1331	1960	2160	1010	730	722	0	-1
14	216	217	0	8079	226	0	2030	1105	1230	1185	0	-1
14	217	218	0	8079	226	1230	2030	1105	1230	1190	0	-1
14	218	219	0	8079	1331	730	2030	1105	1230	1190	0	-1
14	219	220	0	10109	226	0	2030	1105	1230	1149	0	-1
14	220	221	0	10109	226	1230	2030	1105	1230	1178	0	-1
14	30	31	0	10239	1331	0	2160	1010	730	715	0	-1
17	131	132	0	2334	105	0	5745	2240	610	4481	0	-1
17	129	130	0	2334	105	610	5745	2240	480	3670	0	-1
17	130	131	0	2334	105	1090	5745	2240	480	3670	0	-1


-------------------------------------------------------------------------------------------------------------------
Tour_Id:                	12
No_of_Customers:        	3
No_of_Items:            	21
Customer_Sequence:      	16 15 13

CustId	Id	TypeId	Rotated	x	y	z	Length	Width	Height	mass	Fragility	LoadBearingStrength
15	82	83	0	6750	70	0	2230	1155	730	827	0	-1
15	83	84	0	6750	1225	0	2230	1155	730	827	0	-1
15	289	290	0	2710	1154	1460	2020	1097	1170	1199	0	-1
15	84	85	0	8980	70	0	2230	1155	730	858	0	-1
15	85	86	0	8980	1225	0	2230	1155	730	856	0	-1
15	86	87	0	11210	70	0	2230	1155	730	859	0	-1
15	87	88	0	11210	1225	0	2230	1155	730	861	0	-1
15	291	292	0	4730	1162	1460	2020	1097	1170	1199	0	-1
15	290	291	0	4730	178	730	2020	984	1170	1199	0	-1
16	210	211	0	6750	250	1748	4730	1950	480	2002	0	-1
16	9	10	0	6750	345	730	5815	1760	509	2189	0	-1
16	10	11	0	6750	345	1239	5815	1760	509	2189	0	-1
13	211	212	0	0	580	0	2630	1290	934	1455	0	-1
13	11	12	0	2630	82	0	2060	1080	730	882	0	-1
13	13	14	0	4690	82	0	2060	1080	730	878	0	-1
13	14	15	0	2670	74	1460	2060	1080	730	878	0	-1
13	15	16	0	2630	1162	730	2060	1080	730	837	0	-1
13	16	17	0	4690	1162	730	2060	1080	730	837	0	-1
13	12	13	0	2670	82	730	2060	1060	730	843	0	-1
13	17	18	0	2630	1162	0	2060	1060	730	887	0	-1
13	18	19	0	4690	1162	0	2060	1060	730	887	0	-1


-------------------------------------------------------------------------------------------------------------------
Tour_Id:                	13
No_of_Customers:        	2
No_of_Items:            	9
Customer_Sequence:      	20 37

CustId	Id	TypeId	Rotated	x	y	z	Length	Width	Height	mass	Fragility	LoadBearingStrength
20	206	207	0	8073	575	430	2700	1300	940	1736	0	-1
20	207	208	0	10773	575	430	2700	1300	940	1690	0	-1
20	208	209	0	8073	575	1370	2700	1300	940	1690	0	-1
37	55	56	0	2473	130	1010	5600	2190	610	3342	0	-1
37	56	57	0	2473	130	1620	5600	2190	610	3342	0	-1
37	51	52	0	8073	60	0	2615	2330	430	1471	0	-1
37	52	53	0	10688	60	0	2615	2330	430	1471	0	-1
37	53	54	0	1863	215	0	6210	2020	505	3555	0	-1
37	54	55	0	1863	215	505	6210	2020	505	3555	0	-1


-------------------------------------------------------------------------------------------------------------------
Tour_Id:                	14
No_of_Customers:        	2
No_of_Items:            	14
Customer_Sequence:      	33 32

CustId	Id	TypeId	Rotated	x	y	z	Length	Width	Height	mass	Fragility	LoadBearingStrength
32	116	117	0	74	50	0	3210	2350	533	1970	0	-1
32	117	118	0	3284	50	0	3210	2350	533	1970	0	-1
32	118	119	0	6494	50	0	3210	2350	533	1967	0	-1
32	119	120	0	1234	50	533	3210	2350	533	2033	0	-1
32	120	121	0	4444	50	533	3210	2350	533	2033	0	-1
33	108	109	0	1504	563	1066	2050	1325	1180	1596	0	-1
33	109	110	0	3554	563	1066	2050	1325	1180	1578	0	-1
33	110	111	0	5604	563	1066	2050	1325	1180	1578	0	-1
33	111	112	0	7654	563	1518	2050	1325	1180	1495	0	-1
33	112	113	0	9704	563	0	2050	1325	1180	1495	0	-1
33	113	114	0	9704	563	1180	2050	1325	1180	1542	0	-1
33	114	115	1	11754	200	0	2050	1325	1180	1542	0	-1
33	115	116	1	11754	200	1180	2050	1325	1180	1596	0	-1
33	107	108	0	7654	563	533	2050	1325	985	1302	0	-1


-------------------------------------------------------------------------------------------------------------------
Tour_Id:                	15
No_of_Customers:        	3
No_of_Items:            	15
Customer_Sequence:      	20 19 37

CustId	Id	TypeId	Rotated	x	y	z	Length	Width	Height	mass	Fragility	LoadBearingStrength
19	229	230	0	7530	292	1480	2010	820	934	818	0	-1
20	0	1	0	7530	1112	1480	1980	1200	934	637	0	-1
20	1	2	0	9540	0	0	1980	1200	934	657	0	-1
20	2	3	0	11520	25	0	1980	1200	934	812	0	-1
20	3	4	0	9540	1200	0	1980	1200	934	802	0	-1
20	4	5	0	11520	1225	0	1980	1200	934	813	0	-1
20	5	6	0	9540	600	934	1980	1200	934	813	0	-1
37	234	235	0	855	152	0	2895	2160	740	2138	0	-1
37	235	236	0	3750	152	0	2895	2160	740	2089	0	-1
37	236	237	0	6645	152	0	2895	2160	740	2089	0	-1
37	237	238	0	855	152	740	2895	2160	740	2163	0	-1
37	232	233	0	1740	152	1480	2895	2160	580	1632	0	-1
37	233	234	0	4635	152	1480	2895	2160	580	1632	0	-1
37	238	239	0	3750	152	740	2895	2160	740	2163	0	-1
37	239	240	0	6645	152	740	2895	2160	740	2129	0	-1


-------------------------------------------------------------------------------------------------------------------
Tour_Id:                	16
No_of_Customers:        	3
No_of_Items:            	20
Customer_Sequence:      	31 30 2

CustId	Id	TypeId	Rotated	x	y	z	Length	Width	Height	mass	Fragility	LoadBearingStrength
30	145	146	0	7966	1246	0	2165	1204	710	919	0	-1
30	146	147	0	7966	42	0	2165	1204	710	934	0	-1
30	147	148	0	10131	1246	0	2165	1204	710	939	0	-1
30	148	149	0	10131	42	0	2165	1204	710	926	0	-1
30	149	150	1	12296	79	0	2165	1204	710	908	0	-1
31	6	7	0	7966	1317	710	2060	1080	730	606	0	-1
31	209	210	0	10026	394	710	2620	1460	1030	2090	0	-1
31	7	8	0	7966	237	710	2060	1080	730	737	0	-1
31	8	9	0	7966	777	1440	2060	1080	730	737	0	-1
2	160	161	0	841	606	495	1955	920	1045	1085	0	-1
2	161	162	0	2101	1526	0	1955	920	1045	1085	0	-1
2	162	163	0	2101	1526	1045	1955	920	1045	1111	0	-1
2	157	158	0	196	81	0	2600	1445	495	922	0	-1
2	158	159	0	2796	81	710	2600	1445	495	922	0	-1
2	163	164	0	6011	1526	0	1955	920	1045	1111	0	-1
2	164	165	0	2826	106	1205	2570	1420	934	1668	0	-1
2	159	160	0	2796	81	0	2345	1335	710	1249	0	-1
2	166	167	0	4056	1526	0	1955	920	934	988	0	-1
2	165	166	0	5396	106	0	2570	1420	934	1668	0	-1
2	167	168	0	5396	429	934	2020	1097	1170	1433	0	-1


-------------------------------------------------------------------------------------------------------------------
Tour_Id:                	17
No_of_Customers:        	2
No_of_Items:            	14
Customer_Sequence:      	5 27

CustId	Id	TypeId	Rotated	x	y	z	Length	Width	Height	mass	Fragility	LoadBearingStrength
5	122	123	0	1320	499	1246	2030	1490	1200	1756	0	-1
5	123	124	0	3350	499	1246	2030	1490	1200	1816	0	-1
5	124	125	0	9440	480	0	2030	1490	1200	1816	0	-1
5	125	126	0	9440	480	1200	2030	1490	1200	1831	0	-1
5	126	127	0	5380	444	1066	2030	1490	1200	1786	0	-1
5	121	122	0	11470	480	0	2030	1490	1090	1613	0	-1
5	127	128	0	7410	444	1060	2030	1490	1200	1786	0	-1
27	271	272	0	190	309	0	3170	1870	533	1497	0	-1
27	272	273	0	190	309	533	3170	1870	533	1497	0	-1
27	273	274	0	3360	309	0	3170	1870	533	1507	0	-1
27	274	275	0	3360	309	533	3170	1870	533	1507	0	-1
27	275	276	0	6530	309	0	2910	1760	530	1031	0	-1
27	276	277	0	6530	309	530	2910	1760	530	1025	0	-1
27	78	79	0	770	257	1066	4610	1975	180	848	0	-1


-------------------------------------------------------------------------------------------------------------------
Tour_Id:                	18
No_of_Customers:        	2
No_of_Items:            	10
Customer_Sequence:      	19 28

CustId	Id	TypeId	Rotated	x	y	z	Length	Width	Height	mass	Fragility	LoadBearingStrength
28	106	107	0	1240	40	0	6160	2370	620	3118	0	-1
28	105	106	0	1240	40	620	6160	2370	645	3377	0	-1
19	41	42	0	1300	415	1265	3050	1620	696	1699	0	-1
19	36	37	0	1300	415	1961	3050	1620	710	1756	0	-1
19	42	43	0	4350	415	1265	3050	1620	696	1699	0	-1
19	37	38	0	4350	415	1961	3050	1620	710	1756	0	-1
19	38	39	0	7400	415	0	3050	1620	805	2006	0	-1
19	39	40	0	10450	415	0	3050	1620	805	2006	0	-1
19	40	41	0	7400	415	805	3050	1620	805	1987	0	-1
19	35	36	0	7400	415	1610	3050	1620	810	2031	0	-1


