Name:                   	S96_456T
Problem:                	3L-CVRP
Number_of_used_Vehicles:	18
Total_Travel_Distance:  	63300071
Calculation_Time:       	-1
Total_Iterations:       	-1
ConstraintSet:          	UNKNOWN

-------------------------------------------------------------------------------------------------------------------
Tour_Id:                	1
No_of_Customers:        	2
No_of_Items:            	8
Customer_Sequence:      	43 44

CustId	Id	TypeId	Rotated	x	y	z	Length	Width	Height	mass	Fragility	LoadBearingStrength
44	70	71	0	2027	60	0	6210	2020	505	4304	0	-1
44	71	72	0	2027	60	505	6210	2020	505	4304	0	-1
43	313	314	0	3517	30	1010	4720	2420	530	2706	0	-1
43	314	315	0	3517	30	1540	4720	2420	530	2706	0	-1
43	311	312	0	3472	150	2070	4810	2180	540	2689	0	-1
43	312	313	0	8237	135	0	4810	2180	540	2689	0	-1
43	315	316	0	8237	255	540	4725	1940	610	1961	0	-1
43	316	317	0	8237	255	1150	4725	1940	610	1961	0	-1


-------------------------------------------------------------------------------------------------------------------
Tour_Id:                	2
No_of_Customers:        	1
No_of_Items:            	14
Customer_Sequence:      	14

-------------------------------------------------------------------------------------------------------------------
Tour_Id:                	3
No_of_Customers:        	2
No_of_Items:            	14
Customer_Sequence:      	44 28

CustId	Id	TypeId	Rotated	x	y	z	Length	Width	Height	mass	Fragility	LoadBearingStrength
28	269	270	0	1390	21	0	2165	1204	882	1173	0	-1
28	270	271	0	1390	1225	0	2165	1204	882	1173	0	-1
28	271	272	0	1390	21	882	2165	1204	882	1136	0	-1
28	272	273	0	1390	1225	882	2165	1204	882	1136	0	-1
28	266	267	1	2351	143	1764	2165	1204	710	939	0	-1
28	38	39	0	3555	42	0	5745	2240	610	3458	0	-1
28	39	40	0	3555	42	610	5745	2240	610	3480	0	-1
28	40	41	0	3555	42	1220	5745	2240	610	3480	0	-1
28	267	268	0	7135	42	1830	2165	1204	710	937	0	-1
28	268	269	0	7135	1246	1830	2165	1204	710	986	0	-1
44	280	281	0	9300	520	0	2100	1410	1170	1352	0	-1
44	281	282	0	11400	520	0	2100	1410	1170	1352	0	-1
44	282	283	0	9300	520	1170	2100	1410	1170	1331	0	-1
44	283	284	0	11400	520	1170	2100	1410	1170	1301	0	-1


-------------------------------------------------------------------------------------------------------------------
Tour_Id:                	4
No_of_Customers:        	2
No_of_Items:            	12
Customer_Sequence:      	32 34

CustId	Id	TypeId	Rotated	x	y	z	Length	Width	Height	mass	Fragility	LoadBearingStrength
34	322	323	0	1016	170	0	2205	1055	730	820	0	-1
34	323	324	0	1016	1225	0	2205	1055	730	820	0	-1
34	324	325	0	1016	697	730	2205	1055	730	820	0	-1
34	123	124	0	3221	10	0	4760	2430	425	3013	0	-1
34	124	125	0	7981	10	0	4760	2430	425	3013	0	-1
34	125	126	0	3221	10	425	4760	2430	440	3066	0	-1
34	126	127	0	7981	10	425	4760	2430	440	3066	0	-1
34	127	128	0	3221	10	865	4760	2430	400	2759	0	-1
32	286	287	0	3221	480	1265	2030	1490	1140	1635	0	-1
32	287	288	0	5251	480	1265	2030	1490	1140	1630	0	-1
32	284	285	0	7981	480	865	2030	1490	934	1404	0	-1
32	285	286	0	10011	480	865	2030	1490	934	1380	0	-1


-------------------------------------------------------------------------------------------------------------------
Tour_Id:                	5
No_of_Customers:        	2
No_of_Items:            	21
Customer_Sequence:      	9 13

CustId	Id	TypeId	Rotated	x	y	z	Length	Width	Height	mass	Fragility	LoadBearingStrength
13	250	251	0	1250	2	0	1980	1200	1070	1213	0	-1
13	15	16	0	1158	0	1070	2165	1204	710	924	0	-1
13	21	22	0	5118	619	1780	2165	1204	882	1189	0	-1
13	249	250	0	1250	1202	0	1980	1200	1045	1181	0	-1
13	16	17	0	1158	1204	1045	2165	1204	710	961	0	-1
13	22	23	0	1158	1204	1755	2165	1204	882	1226	0	-1
13	17	18	0	3230	21	0	2165	1204	710	934	0	-1
13	18	19	0	3230	1225	0	2165	1204	710	934	0	-1
13	19	20	0	5395	21	0	2165	1204	710	946	0	-1
13	20	21	0	5395	1225	0	2165	1204	710	946	0	-1
13	251	252	0	3323	21	710	1980	1200	1070	1213	0	-1
13	252	253	0	5303	21	710	1980	1200	1070	1193	0	-1
13	253	254	0	3323	1221	710	1980	1200	1070	1246	0	-1
13	254	255	0	5303	1221	710	1980	1200	1070	1208	0	-1
13	255	256	0	7560	30	0	1980	1200	1070	1208	0	-1
13	256	257	0	7560	1230	0	1980	1200	1070	1204	0	-1
13	257	258	0	9540	30	0	1980	1200	1070	1247	0	-1
13	258	259	0	11520	30	0	1980	1200	1070	1229	0	-1
13	259	260	0	9540	1230	0	1980	1200	1070	1188	0	-1
13	260	261	0	11520	1230	0	1980	1200	1070	1220	0	-1
9	152	153	0	7850	170	1070	5650	2120	220	1156	0	-1


-------------------------------------------------------------------------------------------------------------------
Tour_Id:                	6
No_of_Customers:        	2
No_of_Items:            	11
Customer_Sequence:      	32 31

CustId	Id	TypeId	Rotated	x	y	z	Length	Width	Height	mass	Fragility	LoadBearingStrength
31	241	242	0	394	42	0	5745	2240	610	3606	0	-1
31	242	243	0	6139	105	0	5745	2240	610	3543	0	-1
31	8	9	0	1809	42	610	2165	1204	710	775	0	-1
31	9	10	0	1809	1246	610	2165	1204	710	775	0	-1
31	10	11	0	3974	42	610	2165	1204	710	759	0	-1
31	11	12	0	3974	1246	610	2165	1204	710	763	0	-1
31	12	13	0	3519	46	1320	2620	1200	1230	1584	0	-1
31	7	8	0	3974	1246	1320	2165	1204	650	689	0	-1
31	243	244	0	6139	105	610	5745	2240	610	3606	0	-1
32	72	73	0	6139	105	1220	5745	2240	480	3079	0	-1
32	73	74	0	6139	105	1700	5745	2240	480	3050	0	-1


-------------------------------------------------------------------------------------------------------------------
Tour_Id:                	7
No_of_Customers:        	2
No_of_Items:            	9
Customer_Sequence:      	33 30

CustId	Id	TypeId	Rotated	x	y	z	Length	Width	Height	mass	Fragility	LoadBearingStrength
30	28	29	0	1328	105	0	5745	2240	480	3067	0	-1
30	29	30	0	1328	105	480	5745	2240	480	3067	0	-1
30	30	31	0	7073	105	0	5745	2240	480	3058	0	-1
30	31	32	0	7073	105	480	5745	2240	480	3058	0	-1
30	262	263	0	1518	145	960	2060	1080	730	906	0	-1
30	263	264	0	1518	1225	960	2060	1080	730	906	0	-1
33	156	157	0	3578	225	1479	5060	2000	430	2511	0	-1
33	157	158	0	3578	120	960	4620	2210	519	3409	0	-1
33	158	159	0	8198	120	960	4620	2210	519	3409	0	-1


-------------------------------------------------------------------------------------------------------------------
Tour_Id:                	8
No_of_Customers:        	3
No_of_Items:            	25
Customer_Sequence:      	23 43 36

CustId	Id	TypeId	Rotated	x	y	z	Length	Width	Height	mass	Fragility	LoadBearingStrength
36	79	80	0	0	210	0	2060	1015	985	970	0	-1
36	80	81	0	0	1225	0	2060	1015	985	970	0	-1
36	81	82	0	2060	202	0	2060	1015	985	968	0	-1
36	82	83	0	2060	1217	0	2060	1015	985	969	0	-1
36	83	84	0	4120	202	0	2060	1015	985	976	0	-1
36	84	85	0	6180	202	0	2060	1015	985	977	0	-1
36	85	86	0	4120	1217	0	2060	1015	985	964	0	-1
36	86	87	0	6180	1217	0	2060	1015	985	979	0	-1
36	87	88	0	8240	202	0	2060	1015	985	979	0	-1
36	88	89	0	10300	202	0	2060	1015	985	973	0	-1
36	89	90	0	8240	1217	0	2060	1015	985	973	0	-1
36	90	91	0	10300	1217	0	2060	1015	985	912	0	-1
36	91	92	1	12360	202	0	2060	1015	985	912	0	-1
43	107	108	0	2250	202	985	2225	1034	730	938	0	-1
43	108	109	0	4475	202	985	2225	1034	730	922	0	-1
43	109	110	0	2250	1236	985	2225	1034	730	922	0	-1
43	110	111	0	4475	1236	985	2225	1034	730	943	0	-1
43	111	112	0	6700	202	985	2225	1034	730	943	0	-1
43	112	113	0	8925	202	985	2225	1034	730	927	0	-1
43	113	114	0	11150	202	985	2225	1034	730	927	0	-1
43	114	115	0	6700	1236	985	2225	1034	730	925	0	-1
43	115	116	0	8925	1236	985	2225	1034	730	925	0	-1
43	116	117	0	11150	1236	985	2225	1034	730	921	0	-1
23	167	168	0	2250	351	1715	2600	1770	430	970	0	-1
23	168	169	0	4850	351	1715	2600	1770	430	970	0	-1


-------------------------------------------------------------------------------------------------------------------
Tour_Id:                	9
No_of_Customers:        	3
No_of_Items:            	15
Customer_Sequence:      	11 35 10

CustId	Id	TypeId	Rotated	x	y	z	Length	Width	Height	mass	Fragility	LoadBearingStrength
11	150	151	0	9060	563	1180	4025	1325	740	1471	0	-1
11	151	152	0	9060	563	1920	4025	1325	740	1532	0	-1
35	177	178	0	4225	609	1122	2220	1230	1180	1712	0	-1
35	178	179	1	6600	115	0	2220	1230	1180	1712	0	-1
35	179	180	1	7830	115	0	2220	1230	1180	1616	0	-1
35	180	181	1	6600	115	1180	2220	1230	1180	1616	0	-1
35	181	182	1	7830	115	1180	2220	1230	1180	1604	0	-1
35	182	183	0	9060	610	0	2220	1230	1180	1653	0	-1
35	183	184	0	11280	610	0	2220	1230	1180	1604	0	-1
10	105	106	0	4225	427	0	2375	1595	561	1035	0	-1
10	106	107	0	4225	427	561	2375	1595	561	1035	0	-1
10	307	308	0	165	480	0	2030	1490	970	1308	0	-1
10	308	309	0	2195	480	0	2030	1490	970	1308	0	-1
10	310	311	0	165	480	970	2030	1490	1140	1596	0	-1
10	309	310	0	2195	480	970	2030	1490	1050	2813	0	-1


-------------------------------------------------------------------------------------------------------------------
Tour_Id:                	10
No_of_Customers:        	2
No_of_Items:            	25
Customer_Sequence:      	17 36

CustId	Id	TypeId	Rotated	x	y	z	Length	Width	Height	mass	Fragility	LoadBearingStrength
17	306	307	0	7410	106	710	5745	2240	480	2976	0	-1
17	94	95	0	5245	48	840	2030	1175	710	745	0	-1
17	95	96	0	5245	1223	840	2030	1175	710	744	0	-1
17	96	97	0	5245	48	1550	2030	1175	710	750	0	-1
17	97	98	0	5245	1223	1550	2030	1175	710	750	0	-1
17	98	99	0	7410	51	0	2030	1175	710	753	0	-1
17	99	100	0	9440	51	0	2030	1175	710	745	0	-1
17	100	101	0	11470	51	0	2030	1175	710	745	0	-1
17	101	102	0	7410	1226	0	2030	1175	710	742	0	-1
17	102	103	0	9440	1226	0	2030	1175	710	742	0	-1
17	103	104	0	11470	1226	0	2030	1175	710	748	0	-1
17	104	105	0	11125	638	1190	2030	1175	710	748	0	-1
36	290	291	0	915	42	0	2165	1204	710	856	0	-1
36	291	292	0	915	42	710	2165	1204	710	856	0	-1
36	292	293	0	915	42	1420	2165	1204	710	865	0	-1
36	293	294	0	3080	14	840	2165	1204	710	848	0	-1
36	294	295	0	3080	1218	840	2165	1204	710	865	0	-1
36	295	296	0	3080	14	1550	2165	1204	710	856	0	-1
36	297	298	0	915	1246	0	2165	1204	840	1041	0	-1
36	298	299	0	915	1246	840	2165	1204	840	1031	0	-1
36	299	300	0	3080	14	0	2165	1204	840	1031	0	-1
36	300	301	0	5245	19	0	2165	1204	840	1041	0	-1
36	301	302	0	3080	1218	0	2165	1204	840	1061	0	-1
36	302	303	0	5245	1223	0	2165	1204	840	1061	0	-1
36	296	297	0	3080	1218	1550	2165	1204	710	873	0	-1


-------------------------------------------------------------------------------------------------------------------
Tour_Id:                	11
No_of_Customers:        	3
No_of_Items:            	21
Customer_Sequence:      	27 26 1

CustId	Id	TypeId	Rotated	x	y	z	Length	Width	Height	mass	Fragility	LoadBearingStrength
27	132	133	0	5365	80	985	6160	2370	620	3118	0	-1
27	131	132	0	5365	80	1605	6160	2370	645	3377	0	-1
1	117	118	0	1140	167	720	2060	1060	730	944	0	-1
1	118	119	0	1140	1227	720	2060	1060	730	921	0	-1
1	119	120	0	3200	162	720	2060	1060	730	947	0	-1
1	120	121	0	3200	1222	720	2060	1060	730	958	0	-1
1	121	122	0	1140	167	1450	2060	1060	730	910	0	-1
1	122	123	0	1140	1227	1450	2060	1060	730	910	0	-1
26	169	170	0	5260	160	0	2060	1015	985	830	0	-1
26	170	171	0	7320	160	0	2060	1015	985	801	0	-1
26	171	172	0	9380	160	0	2060	1015	985	785	0	-1
26	172	173	0	11440	160	0	2060	1015	985	785	0	-1
26	173	174	0	5260	1175	0	2060	1015	985	815	0	-1
26	174	175	0	7320	1175	0	2060	1015	985	796	0	-1
26	175	176	0	9380	1175	0	2060	1015	985	802	0	-1
26	176	177	0	11440	1175	0	2060	1015	985	812	0	-1
1	318	319	0	930	20	0	2165	1204	720	918	0	-1
1	319	320	0	930	1224	0	2165	1204	720	875	0	-1
1	320	321	0	3095	20	0	2165	1204	720	877	0	-1
1	321	322	0	3095	1224	0	2165	1204	720	944	0	-1
1	317	318	0	3200	620	1450	2165	1204	580	730	0	-1


-------------------------------------------------------------------------------------------------------------------
Tour_Id:                	12
No_of_Customers:        	2
No_of_Items:            	13
Customer_Sequence:      	6 3

CustId	Id	TypeId	Rotated	x	y	z	Length	Width	Height	mass	Fragility	LoadBearingStrength
6	244	245	0	5376	190	855	2031	1270	1180	1388	0	-1
6	245	246	0	7407	190	855	2031	1270	1180	1388	0	-1
6	246	247	0	9438	190	855	2031	1270	1180	1400	0	-1
6	247	248	0	11469	590	0	2031	1270	1180	1400	0	-1
6	248	249	0	11469	590	1180	2031	1270	1180	1388	0	-1
6	13	14	0	5376	1460	855	2155	990	730	706	0	-1
6	14	15	0	7531	1460	855	2155	990	730	706	0	-1
3	23	24	0	2481	145	0	2895	2160	855	2693	0	-1
3	24	25	0	5376	190	0	2895	2160	855	2637	0	-1
3	25	26	0	8271	190	0	2895	2160	855	2670	0	-1
3	261	262	0	421	685	0	2060	1080	730	914	0	-1
3	26	27	0	2481	145	855	2895	2160	855	2594	0	-1
3	27	28	0	2481	145	1710	2895	2160	855	2613	0	-1


-------------------------------------------------------------------------------------------------------------------
Tour_Id:                	13
No_of_Customers:        	2
No_of_Items:            	20
Customer_Sequence:      	2 5

CustId	Id	TypeId	Rotated	x	y	z	Length	Width	Height	mass	Fragility	LoadBearingStrength
5	134	135	0	3051	31	0	1980	1200	985	1144	0	-1
5	135	136	0	3051	31	985	1980	1200	985	1118	0	-1
5	136	137	0	3051	1231	0	1980	1200	985	1118	0	-1
5	137	138	0	3051	1231	985	1980	1200	985	1108	0	-1
5	138	139	0	5031	31	0	1980	1200	985	1155	0	-1
5	139	140	0	5031	31	985	1980	1200	985	1134	0	-1
5	140	141	0	5031	1231	0	1980	1200	985	1111	0	-1
5	141	142	0	5031	1231	985	1980	1200	985	1145	0	-1
5	142	143	0	7011	31	0	1980	1200	985	1145	0	-1
5	143	144	0	7011	31	985	1980	1200	985	1165	0	-1
5	144	145	0	7011	1231	0	1980	1200	985	1093	0	-1
5	145	146	0	7011	1231	985	1980	1200	985	1093	0	-1
5	146	147	0	8991	47	0	1980	1200	985	1145	0	-1
5	147	148	0	8991	47	985	1980	1200	985	1145	0	-1
5	148	149	0	8991	1247	0	1980	1200	940	1068	0	-1
5	149	150	0	8991	1247	940	1980	1200	940	1062	0	-1
2	197	198	0	4661	31	1970	2165	1204	710	932	0	-1
2	198	199	0	4661	1235	1970	2165	1204	710	1008	0	-1
2	199	200	0	6826	31	1970	2165	1204	710	1021	0	-1
2	200	201	0	6826	1235	1970	2165	1204	710	951	0	-1


-------------------------------------------------------------------------------------------------------------------
Tour_Id:                	14
No_of_Customers:        	2
No_of_Items:            	19
Customer_Sequence:      	4 7

CustId	Id	TypeId	Rotated	x	y	z	Length	Width	Height	mass	Fragility	LoadBearingStrength
7	47	48	0	2220	0	0	2020	1097	1180	1189	0	-1
7	48	49	0	2220	0	1180	2020	1097	1180	1189	0	-1
7	49	50	0	2545	1335	0	2020	1097	1180	1189	0	-1
7	45	46	0	4240	0	0	2345	1335	1180	1652	0	-1
7	46	47	0	4240	277	1180	2345	1335	1180	1652	0	-1
7	273	274	0	6585	215	0	2760	2020	425	992	0	-1
7	43	44	0	2565	1612	1180	2010	820	934	625	0	-1
7	44	45	0	4575	1612	1180	2010	820	934	632	0	-1
7	50	51	0	4565	1335	0	2020	1097	1180	1189	0	-1
7	42	43	0	585	1097	1030	1960	1120	1050	1091	0	-1
7	41	42	0	585	1097	0	1960	1120	1030	1072	0	-1
4	274	275	0	6585	85	425	2335	2280	750	1700	0	-1
4	51	52	0	6585	480	1175	2030	1490	934	1379	0	-1
4	52	53	0	9345	934	0	2030	1490	934	1390	0	-1
4	53	54	0	9345	934	934	2030	1490	934	1379	0	-1
4	54	55	0	11375	26	0	2030	1490	934	1379	0	-1
4	55	56	0	11375	26	934	2030	1490	934	1379	0	-1
4	56	57	3	9345	0	0	2030	1490	934	1390	0	-1
4	57	58	3	11375	1516	0	2030	1490	934	1379	0	-1


-------------------------------------------------------------------------------------------------------------------
Tour_Id:                	15
No_of_Customers:        	3
No_of_Items:            	14
Customer_Sequence:      	19 45 21

CustId	Id	TypeId	Rotated	x	y	z	Length	Width	Height	mass	Fragility	LoadBearingStrength
21	129	130	0	596	120	0	6210	2020	519	3703	0	-1
21	130	131	0	6806	120	0	6210	2020	519	3703	0	-1
21	128	129	0	596	12	519	5940	2342	270	1775	0	-1
21	325	326	3	6536	2140	0	2995	1080	310	381	0	-1
45	303	304	0	1806	208	789	4730	1950	310	1394	0	-1
45	304	305	0	1806	208	1099	4730	1950	310	1222	0	-1
45	93	94	0	6536	370	519	4205	1770	530	2153	0	-1
45	92	93	0	6536	370	1049	4205	1770	495	2159	0	-1
45	305	306	0	1806	208	1409	4730	1950	310	1222	0	-1
19	205	206	0	10741	332	1939	2375	1595	710	1075	0	-1
19	203	204	0	10741	332	519	2375	1595	710	1075	0	-1
19	204	205	0	10741	332	1229	2375	1595	710	1075	0	-1
19	201	202	0	1806	385	1719	2375	1595	710	1094	0	-1
19	202	203	0	4181	385	1719	2375	1595	710	1082	0	-1


-------------------------------------------------------------------------------------------------------------------
Tour_Id:                	16
No_of_Customers:        	2
No_of_Items:            	13
Customer_Sequence:      	12 20

CustId	Id	TypeId	Rotated	x	y	z	Length	Width	Height	mass	Fragility	LoadBearingStrength
12	278	279	0	6879	130	1160	5600	2190	610	3442	0	-1
12	279	280	0	6879	130	1770	5600	2190	610	3442	0	-1
20	2	3	0	721	250	2156	3060	1950	360	813	0	-1
20	3	4	0	4011	250	0	3060	1950	360	794	0	-1
20	236	237	0	4011	210	360	2795	2030	800	1599	0	-1
20	237	238	0	6806	210	360	2795	2030	800	1607	0	-1
20	4	5	0	7071	250	0	3060	1950	360	793	0	-1
20	239	240	0	701	135	0	3310	2180	710	1790	0	-1
20	235	236	0	4011	135	1160	2868	2180	800	1771	0	-1
20	238	239	0	9601	210	360	2795	2030	800	1599	0	-1
20	240	241	0	721	360	710	3230	1730	696	1314	0	-1
20	5	6	0	10131	250	0	3060	1950	360	793	0	-1
20	6	7	0	721	395	1406	3290	1660	750	1480	0	-1


-------------------------------------------------------------------------------------------------------------------
Tour_Id:                	17
No_of_Customers:        	3
No_of_Items:            	12
Customer_Sequence:      	12 40 39

CustId	Id	TypeId	Rotated	x	y	z	Length	Width	Height	mass	Fragility	LoadBearingStrength
39	34	35	0	50	186	0	2910	1040	1180	1336	0	-1
39	35	36	0	2960	186	0	2910	1040	1180	1332	0	-1
39	36	37	0	50	1226	0	2910	1040	1180	1318	0	-1
39	37	38	0	2960	1226	0	2910	1040	1180	1336	0	-1
39	264	265	0	55	346	1180	5815	1760	510	2713	0	-1
39	32	33	0	5870	185	0	2910	1040	1030	1184	0	-1
39	33	34	0	5870	1225	0	2910	1040	1030	1184	0	-1
39	265	266	0	8780	15	0	4720	2420	610	4649	0	-1
12	69	70	0	5870	290	1915	3170	1870	475	1305	0	-1
40	210	211	0	5870	65	1030	3260	2320	885	3286	0	-1
40	208	209	0	8780	27	610	3070	2396	360	1309	0	-1
40	209	210	0	9130	27	970	3070	2396	360	1309	0	-1


-------------------------------------------------------------------------------------------------------------------
Tour_Id:                	18
No_of_Customers:        	3
No_of_Items:            	15
Customer_Sequence:      	16 15 29

CustId	Id	TypeId	Rotated	x	y	z	Length	Width	Height	mass	Fragility	LoadBearingStrength
29	184	185	0	379	495	0	2170	1460	934	1364	0	-1
29	185	186	0	379	495	934	2170	1460	934	1321	0	-1
29	186	187	0	2549	495	0	2170	1460	934	1321	0	-1
29	187	188	0	2549	495	934	2170	1460	934	1330	0	-1
29	188	189	1	4719	140	0	2170	1460	934	1330	0	-1
29	189	190	1	6179	140	0	2170	1460	934	1373	0	-1
29	190	191	1	7639	140	0	2170	1460	934	1332	0	-1
29	191	192	1	9099	140	0	2170	1460	934	1392	0	-1
16	192	193	0	4719	590	1409	2031	1270	1160	1456	0	-1
16	193	194	0	6750	590	1409	2031	1270	1160	1456	0	-1
16	194	195	0	8781	590	1409	2031	1270	1160	1418	0	-1
16	195	196	0	10573	590	0	2031	1270	1160	1443	0	-1
16	196	197	0	10812	590	1160	2031	1270	1160	1520	0	-1
15	206	207	0	4719	110	934	2927	2230	475	1836	0	-1
15	207	208	0	7646	110	934	2927	2230	475	1836	0	-1


