Name:                   	S99_480T
Problem:                	3L-CVRP
Number_of_used_Vehicles:	19
Total_Travel_Distance:  	75816659
Calculation_Time:       	-1
Total_Iterations:       	-1
ConstraintSet:          	UNKNOWN

-------------------------------------------------------------------------------------------------------------------
Tour_Id:                	1
No_of_Customers:        	2
No_of_Items:            	11
Customer_Sequence:      	42 41

CustId	Id	TypeId	Rotated	x	y	z	Length	Width	Height	mass	Fragility	LoadBearingStrength
41	65	66	0	1108	246	0	5100	1930	440	1950	0	-1
41	66	67	0	1108	246	440	5100	1930	440	1950	0	-1
41	67	68	0	1108	246	880	5100	1930	440	1904	0	-1
41	68	69	0	1108	246	1320	5100	1930	440	1904	0	-1
42	223	224	0	2948	116	1760	3260	2320	570	2201	0	-1
42	224	225	0	6208	65	0	3260	2320	570	2201	0	-1
42	225	226	0	9468	65	0	3260	2320	570	2245	0	-1
42	219	220	0	6208	320	570	3150	1810	533	2060	0	-1
42	220	221	0	9358	320	570	3150	1810	533	2009	0	-1
42	221	222	0	6208	320	1103	3150	1810	533	2064	0	-1
42	222	223	0	9358	320	1103	3150	1810	533	2029	0	-1


-------------------------------------------------------------------------------------------------------------------
Tour_Id:                	2
No_of_Customers:        	2
No_of_Items:            	17
Customer_Sequence:      	27 25

CustId	Id	TypeId	Rotated	x	y	z	Length	Width	Height	mass	Fragility	LoadBearingStrength
25	86	87	0	1535	245	0	2736	1960	690	1802	0	-1
25	87	88	0	4271	245	0	2736	1960	690	1802	0	-1
25	88	89	0	1535	245	690	2736	1960	690	1802	0	-1
25	89	90	0	4271	245	690	2736	1960	690	1811	0	-1
27	110	111	0	2067	120	1380	2470	2210	430	1103	0	-1
27	111	112	0	2067	120	1810	2470	2210	430	1092	0	-1
27	112	113	0	4537	120	1380	2470	2210	430	1092	0	-1
27	113	114	0	4537	120	1810	2470	2210	430	1156	0	-1
27	114	115	0	7007	150	0	2870	1380	650	1272	0	-1
27	115	116	0	9877	763	0	2870	1380	650	1280	0	-1
27	116	117	0	7007	150	650	2870	1380	650	1280	0	-1
27	117	118	0	9877	763	650	2870	1380	650	1225	0	-1
27	118	119	0	7007	150	1300	2870	1380	650	1237	0	-1
27	119	120	0	9877	763	1300	2870	1380	650	1219	0	-1
27	120	121	0	7007	150	1950	2870	1380	650	1219	0	-1
27	121	122	0	9877	763	1950	2870	1380	650	1251	0	-1
27	331	332	0	7007	1530	0	1955	920	1045	929	0	-1


-------------------------------------------------------------------------------------------------------------------
Tour_Id:                	3
No_of_Customers:        	1
No_of_Items:            	15
Customer_Sequence:      	35

-------------------------------------------------------------------------------------------------------------------
Tour_Id:                	4
No_of_Customers:        	2
No_of_Items:            	28
Customer_Sequence:      	43 38

CustId	Id	TypeId	Rotated	x	y	z	Length	Width	Height	mass	Fragility	LoadBearingStrength
38	304	305	0	0	373	0	2165	965	800	632	0	-1
38	305	306	0	2165	373	0	2165	965	800	643	0	-1
38	306	307	0	4330	373	0	2165	965	800	632	0	-1
38	313	314	0	315	348	800	2060	1015	985	764	0	-1
38	314	315	0	2375	348	800	2060	1015	985	768	0	-1
38	315	316	0	4435	348	800	2060	1015	985	797	0	-1
38	309	310	0	0	1338	0	2165	965	710	563	0	-1
38	310	311	0	2165	1338	0	2165	965	710	563	0	-1
38	311	312	0	4330	1338	0	2165	965	710	563	0	-1
38	316	317	0	2375	1363	710	2060	1015	985	797	0	-1
38	317	318	0	4435	1363	710	2060	1015	985	797	0	-1
38	307	308	0	315	373	1785	2165	965	800	632	0	-1
38	308	309	0	2480	373	1785	2165	965	800	632	0	-1
38	91	92	0	6495	21	0	2165	1204	710	713	0	-1
38	92	93	0	6495	1225	0	2165	1204	710	713	0	-1
38	93	94	0	6495	21	710	2165	1204	710	698	0	-1
38	94	95	0	6495	1225	710	2165	1204	710	696	0	-1
38	95	96	0	8660	21	0	2165	1204	710	710	0	-1
38	96	97	0	10825	21	0	2165	1204	710	711	0	-1
38	97	98	0	8660	21	710	2165	1204	710	711	0	-1
38	98	99	0	10825	21	710	2165	1204	710	717	0	-1
38	99	100	0	8660	1225	0	2165	1204	710	720	0	-1
38	100	101	0	10825	1225	0	2165	1204	710	718	0	-1
38	101	102	0	8660	1225	710	2165	1204	710	718	0	-1
38	312	313	0	10825	1225	710	2165	1204	710	703	0	-1
43	208	209	0	6495	245	1420	5765	1960	250	1543	0	-1
43	209	210	0	6495	245	1670	5765	1960	250	1543	0	-1
43	210	211	0	6495	135	1920	4810	2180	509	2721	0	-1


-------------------------------------------------------------------------------------------------------------------
Tour_Id:                	5
No_of_Customers:        	2
No_of_Items:            	15
Customer_Sequence:      	36 9

CustId	Id	TypeId	Rotated	x	y	z	Length	Width	Height	mass	Fragility	LoadBearingStrength
36	214	215	0	7084	425	740	3360	1600	480	1455	0	-1
36	217	218	0	7084	610	1220	3660	1230	740	1369	0	-1
36	218	219	0	7084	610	1960	3660	1230	740	1369	0	-1
36	215	216	0	10434	70	0	2736	2310	530	1833	0	-1
36	216	217	0	10444	70	530	2736	2310	530	1833	0	-1
36	213	214	0	10744	85	1060	2335	2280	519	966	0	-1
36	212	213	0	10744	220	1579	2300	2010	430	765	0	-1
36	211	212	0	4234	345	2275	2850	1760	320	855	0	-1
9	18	19	0	344	160	0	3375	2130	710	2422	0	-1
9	19	20	0	3719	160	0	3375	2130	710	2422	0	-1
9	14	15	0	944	235	710	3290	1980	480	1501	0	-1
9	15	16	0	944	235	1190	3290	1980	480	1501	0	-1
9	16	17	0	7094	388	0	3340	1675	740	1948	0	-1
9	20	21	0	4234	355	710	2740	1740	710	1534	0	-1
9	17	18	0	4234	475	1420	2780	1500	855	1690	0	-1


-------------------------------------------------------------------------------------------------------------------
Tour_Id:                	6
No_of_Customers:        	2
No_of_Items:            	18
Customer_Sequence:      	21 39

CustId	Id	TypeId	Rotated	x	y	z	Length	Width	Height	mass	Fragility	LoadBearingStrength
21	106	107	0	10270	1487	0	3230	855	775	1114	0	-1
21	103	104	0	7590	239	900	2640	980	775	1025	0	-1
21	107	108	0	7590	239	1675	2680	990	690	1042	0	-1
21	108	109	0	7590	235	0	2680	990	900	1328	0	-1
21	104	105	0	7590	1219	900	2640	980	775	1044	0	-1
21	109	110	0	7590	1225	0	2680	990	900	1328	0	-1
21	105	106	0	7590	1229	1675	2640	980	775	1044	0	-1
21	330	331	0	10270	67	0	2570	1420	1160	1717	0	-1
39	64	65	0	4970	110	1140	2620	2230	1200	3550	0	-1
39	63	64	0	4970	110	0	2620	2230	1140	3463	0	-1
39	274	275	0	830	212	0	2060	1015	985	764	0	-1
39	275	276	0	850	1227	0	2060	1015	985	764	0	-1
39	276	277	0	2890	212	0	2060	1015	985	822	0	-1
39	278	279	0	2910	1227	0	2060	1015	985	767	0	-1
39	279	280	0	830	212	985	2060	1015	985	767	0	-1
39	280	281	0	850	1227	985	2060	1015	985	778	0	-1
39	281	282	0	2910	1227	985	2060	1015	985	778	0	-1
39	277	278	0	2890	212	985	2080	1015	985	764	0	-1


-------------------------------------------------------------------------------------------------------------------
Tour_Id:                	7
No_of_Customers:        	2
No_of_Items:            	18
Customer_Sequence:      	17 2

CustId	Id	TypeId	Rotated	x	y	z	Length	Width	Height	mass	Fragility	LoadBearingStrength
17	329	330	0	11335	623	650	2165	1204	840	1055	0	-1
17	319	320	0	7005	20	0	2165	1204	710	919	0	-1
17	320	321	0	9170	1229	0	2165	1204	710	910	0	-1
17	321	322	0	7005	20	710	2165	1204	710	910	0	-1
17	322	323	0	9170	1229	710	2165	1204	710	928	0	-1
17	323	324	0	7005	1224	0	2165	1204	710	910	0	-1
17	324	325	0	9170	25	0	2165	1204	710	936	0	-1
17	325	326	0	7005	1224	710	2165	1204	710	936	0	-1
17	326	327	0	9170	25	710	2165	1204	710	928	0	-1
17	327	328	0	7005	20	1420	2165	1204	710	928	0	-1
17	328	329	0	7005	1224	1420	2165	1204	710	916	0	-1
17	318	319	0	11335	623	0	2165	1204	650	877	0	-1
2	146	147	0	75	505	0	2310	1440	1160	2053	0	-1
2	147	148	0	75	505	1160	2310	1440	1160	1995	0	-1
2	148	149	0	2385	505	0	2310	1440	1160	2024	0	-1
2	149	150	0	2385	505	1160	2310	1440	1160	2009	0	-1
2	150	151	0	4695	505	0	2310	1440	1160	1965	0	-1
2	151	152	0	4695	505	1160	2310	1440	1160	1965	0	-1


-------------------------------------------------------------------------------------------------------------------
Tour_Id:                	8
No_of_Customers:        	2
No_of_Items:            	17
Customer_Sequence:      	7 6

CustId	Id	TypeId	Rotated	x	y	z	Length	Width	Height	mass	Fragility	LoadBearingStrength
7	61	62	0	7250	20	0	5980	2410	430	3780	0	-1
7	267	268	0	1070	717	730	2060	1015	985	981	0	-1
7	268	269	0	3130	720	730	2060	1015	985	972	0	-1
7	269	270	0	5190	1227	730	2060	1015	985	965	0	-1
7	270	271	0	1070	717	1715	2060	1015	985	962	0	-1
7	271	272	0	5190	212	1460	2060	1015	985	986	0	-1
7	272	273	0	3130	720	1715	2060	1015	985	978	0	-1
7	60	61	0	7250	175	970	5490	2100	265	1488	0	-1
7	273	274	0	5190	1227	1715	2060	1015	985	978	0	-1
7	62	63	0	7250	215	430	6210	2020	540	4744	0	-1
6	124	125	0	1070	145	0	2060	1080	730	918	0	-1
6	125	126	0	1070	1225	0	2060	1080	730	918	0	-1
6	126	127	0	3130	148	0	2060	1080	730	953	0	-1
6	127	128	0	5190	142	0	2060	1080	730	935	0	-1
6	128	129	0	3130	1228	0	2060	1080	730	932	0	-1
6	129	130	0	5190	1222	0	2060	1080	730	961	0	-1
6	130	131	0	5190	147	730	2060	1080	730	933	0	-1


-------------------------------------------------------------------------------------------------------------------
Tour_Id:                	9
No_of_Customers:        	3
No_of_Items:            	21
Customer_Sequence:      	14 15 16

CustId	Id	TypeId	Rotated	x	y	z	Length	Width	Height	mass	Fragility	LoadBearingStrength
14	167	168	0	8752	23	0	2165	1204	840	1134	0	-1
14	168	169	0	8752	1227	0	2165	1204	840	1092	0	-1
14	169	170	0	8752	23	840	2165	1204	840	1092	0	-1
14	170	171	0	8752	23	1680	2165	1204	840	1042	0	-1
14	171	172	0	8752	1227	840	2165	1204	840	1113	0	-1
14	172	173	0	8752	1227	1680	2165	1204	840	1036	0	-1
14	164	165	0	10917	37	0	2165	1204	710	921	0	-1
14	165	166	0	10917	1241	0	2165	1204	710	921	0	-1
14	173	174	0	10917	37	710	2165	1204	840	1036	0	-1
14	174	175	0	10917	37	1550	2165	1204	840	1015	0	-1
14	162	163	0	10917	1241	1420	2165	1204	800	1015	0	-1
14	166	167	0	10917	1241	710	2165	1204	710	878	0	-1
14	175	176	0	6587	623	1180	2165	1204	840	1077	0	-1
14	163	164	0	0	416	1900	1960	1440	710	992	0	-1
16	200	201	0	97	136	0	1945	1000	1160	802	0	-1
16	201	202	0	2042	136	0	1945	1000	1160	795	0	-1
16	202	203	0	97	1136	0	1945	1000	1160	824	0	-1
15	74	75	0	0	91	1160	2140	2090	740	1513	0	-1
15	75	76	0	4472	180	0	2140	2090	740	1513	0	-1
15	287	288	0	6612	205	0	2140	2040	1180	2705	0	-1
15	76	77	0	2042	1136	0	2430	1300	970	1469	0	-1


-------------------------------------------------------------------------------------------------------------------
Tour_Id:                	10
No_of_Customers:        	2
No_of_Items:            	9
Customer_Sequence:      	24 4

CustId	Id	TypeId	Rotated	x	y	z	Length	Width	Height	mass	Fragility	LoadBearingStrength
24	138	139	0	5527	147	0	6180	2155	480	3338	0	-1
24	139	140	0	5527	147	480	6180	2155	480	3374	0	-1
24	135	136	0	5527	110	960	5950	2230	540	3876	0	-1
24	136	137	0	5527	250	1500	4730	1950	480	2711	0	-1
24	137	138	0	5527	250	1980	4730	1950	480	2711	0	-1
4	203	204	0	1427	563	0	2050	1325	1170	1604	0	-1
4	204	205	0	1427	563	1170	2050	1325	1170	1595	0	-1
4	205	206	0	3477	563	0	2050	1325	1170	1571	0	-1
4	206	207	0	3477	563	1170	2050	1325	1170	1578	0	-1


-------------------------------------------------------------------------------------------------------------------
Tour_Id:                	11
No_of_Customers:        	3
No_of_Items:            	11
Customer_Sequence:      	41 25 26

CustId	Id	TypeId	Rotated	x	y	z	Length	Width	Height	mass	Fragility	LoadBearingStrength
41	282	283	0	7301	105	275	5745	2240	480	2371	0	-1
41	283	284	0	7301	105	755	5745	2240	480	2380	0	-1
41	284	285	0	7301	105	1235	5745	2240	480	2380	0	-1
41	285	286	0	7301	105	1715	5745	2240	480	2353	0	-1
26	194	195	0	921	54	0	5940	2342	275	2628	0	-1
26	195	196	0	6861	54	0	5940	2342	275	2628	0	-1
25	298	299	0	921	405	275	3190	1640	885	1799	0	-1
25	299	300	0	4111	405	275	3190	1640	885	1799	0	-1
25	297	298	0	921	405	1800	3190	1640	900	1875	0	-1
25	300	301	0	4111	405	1160	3190	1640	885	1802	0	-1
25	296	297	0	921	405	1160	3190	1640	640	1270	0	-1


-------------------------------------------------------------------------------------------------------------------
Tour_Id:                	12
No_of_Customers:        	2
No_of_Items:            	11
Customer_Sequence:      	19 23

CustId	Id	TypeId	Rotated	x	y	z	Length	Width	Height	mass	Fragility	LoadBearingStrength
23	232	233	0	6090	480	1200	2030	1490	1090	1613	0	-1
23	233	234	0	0	480	0	2030	1490	1200	1756	0	-1
23	234	235	0	2030	480	0	2030	1490	1200	1816	0	-1
23	235	236	0	4060	480	0	2030	1490	1200	1816	0	-1
23	236	237	0	6090	480	0	2030	1490	1200	1831	0	-1
23	237	238	0	2030	480	1200	2030	1490	1200	1786	0	-1
23	238	239	0	4060	480	1200	2030	1490	1200	1786	0	-1
23	21	22	0	8120	118	0	4870	2215	480	2612	0	-1
23	22	23	0	8120	118	480	4870	2215	610	3296	0	-1
19	140	141	0	8120	147	1090	3695	2155	410	1928	0	-1
19	141	142	0	8120	147	1500	3695	2155	410	1930	0	-1


-------------------------------------------------------------------------------------------------------------------
Tour_Id:                	13
No_of_Customers:        	3
No_of_Items:            	16
Customer_Sequence:      	13 18 40

CustId	Id	TypeId	Rotated	x	y	z	Length	Width	Height	mass	Fragility	LoadBearingStrength
18	266	267	0	8010	417	855	2060	820	985	952	0	-1
18	265	266	0	8010	1237	855	2210	750	1030	977	0	-1
13	182	183	0	10220	365	1715	3240	1720	530	1076	0	-1
13	178	179	0	1920	300	1995	3230	1850	340	870	0	-1
13	179	180	0	1920	300	2335	3230	1850	340	870	0	-1
13	180	181	0	10220	300	855	3230	1850	430	1050	0	-1
13	181	182	0	10220	300	1285	3230	1850	430	1068	0	-1
40	82	83	0	1920	145	0	2895	2160	855	1873	0	-1
40	83	84	0	4815	145	0	2895	2160	855	1873	0	-1
40	84	85	0	7710	145	0	2895	2160	855	1925	0	-1
40	85	86	0	10605	145	0	2895	2160	855	1925	0	-1
40	292	293	1	430	210	934	2030	1490	1140	1742	0	-1
40	293	294	0	1920	480	855	2030	1490	1140	1757	0	-1
40	294	295	0	3950	480	855	2030	1490	1140	1787	0	-1
40	295	296	0	5980	480	855	2030	1490	1140	1787	0	-1
40	291	292	1	430	210	0	2030	1490	934	1429	0	-1


-------------------------------------------------------------------------------------------------------------------
Tour_Id:                	14
No_of_Customers:        	2
No_of_Items:            	15
Customer_Sequence:      	11 22

CustId	Id	TypeId	Rotated	x	y	z	Length	Width	Height	mass	Fragility	LoadBearingStrength
22	122	123	0	2650	15	0	2750	2420	430	1344	0	-1
22	123	124	0	3065	75	430	2335	2300	430	1073	0	-1
22	332	333	0	0	805	0	2650	840	250	271	0	-1
11	34	35	0	5400	68	0	5380	2290	610	4419	0	-1
11	35	36	0	5400	68	610	5380	2290	610	4419	0	-1
11	30	31	0	5400	148	1220	5600	2190	150	827	0	-1
11	31	32	0	5400	148	1370	5600	2190	150	827	0	-1
11	32	33	0	5400	68	1520	5035	2350	270	2235	0	-1
11	33	34	0	5400	68	1790	5035	2350	270	2235	0	-1
11	241	242	0	3170	75	860	2230	1155	730	907	0	-1
11	242	243	0	3170	1230	860	2230	1155	730	907	0	-1
11	243	244	0	3170	75	1590	2230	1155	730	871	0	-1
11	244	245	0	3170	1230	1590	2230	1155	730	838	0	-1
11	245	246	0	10780	88	0	2230	1155	730	838	0	-1
11	246	247	0	10780	1243	0	2230	1155	730	788	0	-1


-------------------------------------------------------------------------------------------------------------------
Tour_Id:                	15
No_of_Customers:        	2
No_of_Items:            	20
Customer_Sequence:      	34 31

CustId	Id	TypeId	Rotated	x	y	z	Length	Width	Height	mass	Fragility	LoadBearingStrength
31	36	37	0	293	590	1180	2031	1270	1140	1370	0	-1
31	37	38	0	2324	590	1180	2031	1270	1140	1395	0	-1
31	38	39	0	4355	590	1180	2031	1270	1140	1380	0	-1
31	39	40	1	6386	193	0	2031	1270	1140	1442	0	-1
31	40	41	1	7656	193	0	2031	1270	1140	1407	0	-1
31	41	42	1	8926	193	0	2031	1270	1140	1382	0	-1
31	42	43	0	293	590	0	2031	1270	1180	1370	0	-1
31	43	44	0	2324	590	0	2031	1270	1180	1370	0	-1
31	44	45	0	4355	590	0	2031	1270	1180	1358	0	-1
34	183	184	0	6386	193	1140	2065	1050	740	1098	0	-1
34	184	185	0	6386	193	1880	2065	1050	740	1098	0	-1
34	185	186	0	8451	193	1140	2065	1050	740	932	0	-1
34	186	187	0	8451	193	1880	2065	1050	740	932	0	-1
34	187	188	0	6386	1243	1140	2065	1050	740	967	0	-1
34	188	189	0	6386	1243	1880	2065	1050	740	967	0	-1
34	189	190	0	8451	1243	1140	2065	1050	740	996	0	-1
34	190	191	0	8451	1243	1880	2065	1050	740	996	0	-1
34	191	192	0	10196	174	0	2065	1050	740	940	0	-1
34	192	193	0	10196	1224	0	2065	1050	740	943	0	-1
34	193	194	0	10516	699	740	2065	1050	740	943	0	-1


-------------------------------------------------------------------------------------------------------------------
Tour_Id:                	16
No_of_Customers:        	3
No_of_Items:            	10
Customer_Sequence:      	29 31 30

CustId	Id	TypeId	Rotated	x	y	z	Length	Width	Height	mass	Fragility	LoadBearingStrength
31	248	249	0	6232	185	0	6300	2080	295	2484	0	-1
31	249	250	0	6232	185	295	6300	2080	295	2484	0	-1
31	247	248	0	6232	345	1190	6345	1760	120	778	0	-1
31	250	251	0	6232	345	590	6345	1760	300	1949	0	-1
31	251	252	0	6232	345	890	6345	1760	300	1949	0	-1
30	57	58	0	852	80	0	5380	2290	530	3428	0	-1
30	58	59	0	852	80	530	5380	2290	530	3428	0	-1
29	176	177	0	6326	268	1310	5270	1915	533	3518	0	-1
29	177	178	0	3078	363	1660	3248	1723	530	1437	0	-1
30	264	265	0	3172	160	1060	3060	2130	600	1836	0	-1


-------------------------------------------------------------------------------------------------------------------
Tour_Id:                	17
No_of_Customers:        	3
No_of_Items:            	11
Customer_Sequence:      	28 32 17

CustId	Id	TypeId	Rotated	x	y	z	Length	Width	Height	mass	Fragility	LoadBearingStrength
17	102	103	1	451	215	0	2020	1097	1180	1545	0	-1
32	144	145	3	1548	0	0	2010	820	80	62	0	-1
32	145	146	3	1548	80	0	2010	820	80	62	0	-1
28	77	78	0	1548	160	0	5745	2240	480	2169	0	-1
28	78	79	0	1548	160	480	5745	2240	480	1948	0	-1
28	79	80	0	7293	105	0	5745	2240	480	2151	0	-1
28	80	81	0	7293	105	480	5745	2240	480	2151	0	-1
28	81	82	0	1548	160	960	5745	2240	480	1957	0	-1
28	288	289	0	1548	160	1440	5745	2240	480	3650	0	-1
28	289	290	0	7293	105	960	5745	2240	480	3234	0	-1
28	290	291	0	7293	105	1440	5745	2240	480	3234	0	-1


-------------------------------------------------------------------------------------------------------------------
Tour_Id:                	18
No_of_Customers:        	2
No_of_Items:            	23
Customer_Sequence:      	42 20

CustId	Id	TypeId	Rotated	x	y	z	Length	Width	Height	mass	Fragility	LoadBearingStrength
42	9	10	0	7460	1204	0	2165	1204	710	856	0	-1
42	10	11	0	9625	1204	0	2165	1204	710	856	0	-1
42	11	12	0	9170	0	0	2165	1204	710	864	0	-1
42	12	13	0	9170	0	710	2165	1204	710	864	0	-1
42	1	2	0	7005	0	0	2165	1204	800	956	0	-1
42	2	3	0	7005	0	800	2165	1204	800	946	0	-1
42	3	4	0	5295	1204	1775	2165	1204	800	946	0	-1
42	4	5	0	7460	1204	710	2165	1204	800	946	0	-1
42	5	6	0	9625	1204	710	2165	1204	800	1014	0	-1
42	6	7	0	7460	1204	1510	2165	1204	800	956	0	-1
42	7	8	0	9170	0	1420	2165	1204	800	956	0	-1
42	8	9	0	9625	1204	1510	2165	1204	800	975	0	-1
42	13	14	0	11335	0	0	2165	1204	710	856	0	-1
42	0	1	0	7005	0	1600	2165	1204	880	1142	0	-1
20	239	240	0	55	485	0	2620	1480	1045	1610	0	-1
20	240	241	0	55	485	1045	2620	1480	1045	1610	0	-1
20	24	25	0	2675	1200	1065	2620	1200	1160	1243	0	-1
20	23	24	0	5295	1204	0	2165	1204	710	680	0	-1
20	25	26	0	2675	0	1065	2620	1200	1065	1225	0	-1
20	26	27	0	2675	1204	0	2620	1200	1065	1225	0	-1
20	27	28	0	2675	0	0	2165	1204	1065	1001	0	-1
20	28	29	0	4840	0	0	2165	1204	1065	1001	0	-1
20	29	30	0	5295	1204	710	2165	1204	1065	1001	0	-1


-------------------------------------------------------------------------------------------------------------------
Tour_Id:                	19
No_of_Customers:        	3
No_of_Items:            	14
Customer_Sequence:      	8 10 9

CustId	Id	TypeId	Rotated	x	y	z	Length	Width	Height	mass	Fragility	LoadBearingStrength
8	51	52	0	8120	480	0	5380	1490	150	748	0	-1
8	52	53	0	8120	480	150	5380	1490	150	748	0	-1
8	53	54	0	8120	480	300	5380	1490	150	754	0	-1
8	54	55	0	8120	480	450	5380	1490	425	2102	0	-1
8	55	56	0	8120	480	875	5380	1490	425	2172	0	-1
8	56	57	0	8120	480	1300	5380	1490	425	2172	0	-1
8	263	264	0	3536	440	1400	3248	1723	610	1742	0	-1
9	226	227	0	120	282	0	2040	1490	1180	2102	0	-1
9	227	228	0	1496	282	1180	2040	1490	1180	2147	0	-1
9	228	229	1	2160	282	0	2040	1490	1180	2147	0	-1
9	229	230	1	3650	282	0	2040	1490	1180	2147	0	-1
9	230	231	1	5140	282	0	2040	1490	1180	2072	0	-1
9	231	232	1	6630	282	0	2040	1490	1180	2072	0	-1
10	50	51	0	3536	315	1180	4584	1975	220	789	0	-1


